-0.000000
-0.000000
-0.000000
-0.000000
-0.000000
-0.000000
-0.000000
-0.000000
-0.000000
-0.000000
-0.000000
-0.000000
-0.000000
-0.000000
-0.000000
0.768399
0.768399
0.768399
1.248722
1.248722
1.248722
1.248722
1.542609
1.542609
1.542609
1.816450
1.816450
1.816450
2.032985
2.032985
2.032985
2.032985
2.140901
2.140901
2.140901
2.140901
2.256035
2.256035
2.256035
2.350854
2.350854
2.350854
2.350854
2.402473
2.402473
2.402473
2.402473
2.471351
2.471351
2.471351
2.471351
2.481736
2.481736
2.481736
2.481736
2.512825
2.512825
2.512825
2.512825
2.561207
2.561207
2.561207
2.561207
2.583573
2.583573
2.583573
2.622799
2.622799
2.622799
2.622799
2.658111
2.658111
2.658111
2.658111
2.671934
2.671934
2.671934
2.701622
2.701622
2.701622
2.701622
2.712045
2.712045
2.712045
2.712045
2.737471
2.737471
2.737471
2.760889
2.760889
2.760889
2.760889
2.767517
2.767517
2.767517
2.802586
2.802586
2.802586
2.835524
2.835524
2.835524
2.866517
2.866517
2.866517
2.895734
2.895734
2.895734
2.923322
2.923322
2.923322
2.949415
2.949415
2.949415
2.974131
2.974131
2.974131
3.010477
3.010477
3.045292
3.045292
3.045292
3.078670
3.078670
3.123327
3.123327
3.153957
3.153957
3.195860
3.195860
3.236470
3.236470
3.236470
3.263455
3.263455
3.301695
3.301695
3.326598
3.326598
3.362687
3.362687
3.362687
3.385716
3.385716
3.419845
3.419845
3.441181
3.441181
3.441181
3.461797
3.461797
3.493322
3.493322
3.512477
3.512477
3.542429
3.542429
3.542429
3.560255
3.560255
3.588760
3.588760
3.588760
3.594257
3.594257
3.594257
3.599554
3.599554
3.599554
3.604662
3.604662
3.604662
3.609591
3.609591
3.609591
3.614351
3.614351
3.614351
3.618949
3.618949
3.633477
3.633477
3.633477
3.637623
3.637623
3.637623
3.641634
3.641634
3.641634
3.645518
3.645518
3.645518
3.649281
3.649281
3.649281
3.652927
3.652927
3.652927
3.665736
3.665736
3.665736
3.669035
3.669035
3.669035
3.672238
3.672238
3.684282
3.684282
3.684282
3.687180
3.687180
3.687180
3.698734
3.698734
3.718719
3.718719
3.718719
3.721039
3.721039
3.721039
3.723296
3.723296
3.733895
3.733895
3.733895
3.735924
3.735924
3.735924
3.737901
3.737901
3.737901
3.747950
3.747950
3.757782
3.757782
3.757782
3.759413
3.759413
3.759413
3.761003
3.761003
3.761003
3.770354
3.770354
3.770354
3.771774
3.771774
3.771774
3.773159
3.773159
3.773159
3.774511
3.774511
3.774511
3.775831
3.775831
3.775831
3.777120
3.777120
3.777120
3.778380
3.778380
3.786832
3.786832
3.786832
3.787955
3.787955
3.787955
3.789053
3.789053
3.789053
3.790126
3.790126
3.790126
3.791176
3.791176
3.791176
3.792203
3.792203
3.792203
3.800002
3.800002
3.800002
3.800916
3.800916
3.800916
3.801810
3.801810
3.801810
3.802685
3.802685
3.802685
3.803543
3.803543
3.803543
3.804382
3.804382
3.804382
3.805205
3.805205
3.812362
3.812362
3.812362
3.813091
3.813091
3.813091
3.813806
3.813806
3.813806
3.814507
3.814507
3.814507
3.821324
3.821324
3.821324
3.821941
3.821941
3.821941
3.822546
3.822546
3.829119
3.829119
3.829119
3.829647
3.829647
3.829647
3.830166
3.830166
3.830166
3.830674
3.830674
3.830674
3.831174
3.831174
3.831174
3.831174
3.820250
3.820250
3.820250
3.820250
3.815199
3.815199
3.815199
3.810251
3.810251
3.810251
3.810251
3.799914
3.799914
3.799914
3.799914
3.795225
3.795225
3.795225
3.795225
3.785278
3.785278
3.785278
3.785278
3.770289
3.770289
3.770289
3.770289
3.770289
3.750508
3.750508
3.750508
3.750508
3.750508
3.731264
3.731264
3.731264
3.731264
3.731264
3.712535
3.712535
3.712535
3.712535
3.712535
3.694300
3.694300
3.694300
3.694300
3.694300
3.676540
3.676540
3.676540
3.676540
3.676540
3.659238
3.659238
3.659238
3.659238
3.659238
3.642375
3.642375
3.642375
3.642375
3.642375
3.642375
3.621393
3.621393
3.621393
3.621393
3.621393
3.605436
3.605436
3.605436
3.605436
3.605436
3.605436
3.581117
3.581117
3.581117
3.581117
3.581117
3.581117
3.581117
3.548972
3.548972
3.548972
3.548972
3.548972
3.548972
3.548972
3.513746
3.513746
3.513746
3.513746
3.513746
3.513746
3.513746
3.513746
3.479742
3.479742
3.479742
3.479742
3.479742
3.479742
3.479742
3.446899
3.446899
3.446899
3.446899
3.446899
3.446899
3.446899
3.446899
3.411343
3.411343
3.411343
3.411343
3.411343
3.411343
3.411343
3.411343
3.411343
3.373334
3.373334
3.373334
3.373334
3.373334
3.373334
3.373334
3.343911
3.343911
3.343911
3.343911
3.343911
3.343911
3.343911
3.343911
3.315426
3.315426
3.315426
3.315426
3.315426
3.315426
3.298168
3.298168
3.298168
3.298168
3.298168
3.288144
3.288144
3.288144
3.288144
3.288144
3.278326
3.278326
3.278326
3.278326
3.278326
3.268708
3.268708
3.268708
3.268708
3.268708
3.259283
3.259283
3.259283
3.259283
3.259283
3.250046
3.250046
3.250046
3.250046
3.250046
3.240991
3.240991
3.240991
3.240991
3.240991
3.232112
3.232112
3.232112
3.232112
3.232112
3.220292
3.220292
3.220292
3.220292
3.221034
3.221034
3.221034
3.221766
3.221766
3.221766
3.221766
3.219441
3.219441
3.219441
3.219441
3.220173
3.220173
3.220173
3.220896
3.220896
3.220896
3.224599
3.224599
3.224599
3.224599
3.225285
3.225285
3.225285
3.225961
3.225961
3.225961
3.229570
3.229570
3.229570
3.233139
3.233139
3.233139
3.236669
3.236669
3.236669
3.243070
3.243070
3.249413
3.249413
3.258598
3.258598
3.258598
3.264821
3.264821
3.273879
3.273879
3.279986
3.279986
3.288919
3.288919
3.288919
3.294913
3.294913
3.303724
3.303724
3.309607
3.309607
3.318299
3.318299
3.318299
3.324074
3.324074
3.332649
3.332649
3.341166
3.341166
3.349625
3.349625
3.358027
3.358027
3.366372
3.366372
3.374661
3.374661
3.382894
3.382894
3.388240
3.388240
3.396366
3.396366
3.404439
3.404439
3.412457
3.412457
3.423245
3.423245
3.431156
3.441835
3.441835
3.449640
3.449640
3.460214
3.470735
3.470735
3.481206
3.491625
3.491625
3.501995
3.512314
3.512314
3.522583
3.532803
3.532803
3.542974
3.542974
3.550263
3.560336
3.560336
3.570360
3.580337
3.580337
3.590267
3.590267
3.597316
3.607151
3.607151
3.614108
3.614108
3.623850
3.633547
3.633547
3.640368
3.640368
3.649973
3.659534
3.659534
3.669051
3.678523
3.678523
3.685123
3.685123
3.694508
3.703850
3.703850
3.710322
3.710322
3.719578
3.719578
3.725968
3.735140
3.735140
3.741450
3.741450
3.750538
3.759586
3.759586
3.765775
3.765775
3.774742
3.774742
3.780854
3.789740
3.789740
3.795776
3.795776
3.804583
3.804583
3.810544
3.819274
3.819274
3.827965
3.836618
3.836618
3.845233
3.853810
3.853810
3.862350
3.862350
3.868049
3.876515
3.876515
3.884944
3.893337
3.893337
3.901694
3.910014
3.910014
3.918299
3.926549
3.926549
3.934763
3.942943
3.942943
3.951087
3.951087
3.956398
3.964474
3.975314
3.975314
3.983322
3.994098
4.002038
4.002038
4.009945
4.020623
4.028464
4.039079
4.039079
4.046854
4.054596
4.065117
4.065117
4.072795
4.083255
4.090869
4.101267
4.101267
4.108818
4.116338
4.126645
4.126645
4.134103
4.144350
4.151747
4.161936
4.161936
4.169271
4.176577
4.186677
4.186677
4.193923
4.203966
4.211153
4.211153
4.218311
4.218311
4.222616
4.229718
4.229718
4.236791
4.243836
4.243836
4.250853
4.257842
4.257842
4.264803
4.271737
4.271737
4.278643
4.285523
4.285523
4.292375
4.302013
4.308811
4.318396
4.318396
4.325140
4.331857
4.341363
4.341363
4.348027
4.354665
4.354665
4.361277
4.367864
4.367864
4.374425
4.383773
4.390283
4.399580
4.399580
4.406039
4.415286
4.421694
4.421694
4.428078
4.437251
4.443585
4.452709
4.452709
4.458994
4.465255
4.465255
4.468683
4.468683
4.474898
4.481090
4.481090
4.487259
4.493404
4.493404
4.499527
4.505627
4.505627
4.511704
4.517759
4.517759
4.523791
4.529801
4.529801
4.532998
4.532998
4.538965
4.544910
4.544910
4.550833
4.556735
4.556735
4.562615
4.568474
4.568474
4.574311
4.580127
4.580127
4.585922
4.594471
4.600222
4.600222
4.605953
4.611663
4.620125
4.620125
4.625792
4.631439
4.631439
4.637066
4.645442
4.651027
4.651027
4.656592
4.664905
4.670429
4.678701
4.678701
4.684184
4.692416
4.697859
4.697859
4.703282
4.711453
4.716836
4.716836
4.722201
4.730311
4.735637
4.743708
4.743708
4.748994
4.757026
4.762274
4.762274
4.767504
4.775477
4.780669
4.788604
4.788604
4.793759
4.801656
4.806773
4.806773
4.811872
4.819712
4.824775
4.832578
4.832578
4.837604
4.842613
4.850361
4.850361
4.855334
4.863045
4.867982
4.867982
4.872903
4.877807
4.885445
4.885445
4.890314
4.895167
4.895167
4.900003
4.904824
4.904824
4.909628
4.914416
4.914416
4.919188
4.923944
4.923944
4.925951
4.925951
4.930678
4.935388
4.935388
4.940083
4.944763
4.944763
4.949427
4.954076
4.954076
4.958710
4.963328
4.963328
4.967931
4.972519
4.972519
4.977093
4.981651
4.988902
4.988902
4.993429
5.000648
5.005143
5.005143
5.009624
5.016794
5.021244
5.028383
5.028383
5.032802
5.037207
5.044298
5.044298
5.048673
5.055732
5.060077
5.067106
5.067106
5.071421
5.075723
5.082705
5.082705
5.086977
5.093929
5.098172
5.105094
5.105094
5.109308
5.113509
5.120386
5.120386
5.124558
5.131405
5.135550
5.142367
5.142367
5.146483
5.150587
5.157360
5.157360
5.161436
5.168181
5.172229
5.178945
5.178945
5.182967
5.186976
5.193649
5.193649
5.197631
5.201601
5.208231
5.208231
5.212175
5.216106
5.222694
5.222694
5.226599
5.230492
5.237040
5.237040
5.240907
5.247427
5.251269
5.257762
5.257762
5.261578
5.265382
5.265382
5.269176
5.275614
5.279383
5.285795
5.285795
5.289538
5.295925
5.299644
5.299644
5.303351
5.309698
5.313381
5.319702
5.319702
5.323362
5.329657
5.333293
5.333293
5.336917
5.343174
5.346775
5.353007
5.353007
5.356585
5.362792
5.366346
5.372528
5.372528
5.376059
5.382217
5.385725
5.391858
5.391858
5.395344
5.401452
5.404915
5.404915
5.408369
5.414441
5.417872
5.423920
5.423920
5.427329
5.430727
5.436740
5.436740
5.440117
5.446106
5.449461
5.455427
5.455427
5.458761
5.462085
5.468016
5.468016
5.471319
5.477227
5.480509
5.486394
5.486394
5.489655
5.492907
5.498758
5.498758
5.501989
5.507818
5.511029
5.516835
5.516835
5.520025
5.523207
5.528979
5.528979
5.532141
5.537891
5.541033
5.546762
5.546762
5.549883
5.552996
5.558693
5.558693
5.561786
5.567461
5.570535
5.576189
5.576189
5.579243
5.582290
5.587911
5.587911
5.590939
5.596540
5.599548
5.599548
5.602548
5.608117
5.611098
5.616647
5.616647
5.619610
5.625139
5.628083
5.628083
5.631019
5.636517
5.639435
5.644913
5.644913
5.647813
5.653270
5.656152
5.656152
5.659026
5.664454
5.667310
5.672719
5.672719
5.675557
5.680946
5.683767
5.683767
5.686581
5.691940
5.694736
5.700076
5.700076
5.702855
5.708176
5.710938
5.710938
5.713693
5.718985
5.721723
5.726996
5.726996
5.729718
5.732432
5.732432
5.735138
5.737838
5.737838
5.740530
5.743216
5.743216
5.745894
5.748565
5.748565
5.751229
5.751229
5.751365
5.754017
5.754017
5.756663
5.759301
5.759301
5.761932
5.761932
5.762049
5.764669
5.764669
5.767282
5.769888
5.769888
5.772488
5.775081
5.775081
5.775173
5.775173
5.777755
5.777755
5.775358
5.775358
5.775450
5.775450
5.775450
5.775450
5.765658
5.765658
5.765658
5.763304
5.763304
5.763304
5.763304
5.763304
5.763304
5.763304
5.763304
5.734090
5.734090
5.734250
5.734250
5.734250
5.734250
5.734250
5.734250
5.734250
5.734250
5.734250
5.700683
5.700683
5.700683
5.700683
5.688968
5.688968
5.688968
5.688968
5.688968
5.688968
5.670249
5.670249
5.670249
5.670249
5.670249
5.670249
5.670249
5.670249
5.670249
5.670249
5.635370
5.635370
5.635370
5.635370
5.624090
5.624090
5.624090
5.624090
5.624090
5.624090
5.605996
5.605996
5.605996
5.605996
5.605996
5.605996
5.605996
5.605996
5.605996
5.576713
5.576713
5.577123
5.577123
5.577123
5.577123
5.577123
5.577123
5.577123
5.577123
5.577123
5.546049
5.550973
5.550973
5.550973
5.550973
5.550973
5.550973
5.550973
5.550973
5.550973
5.520337
5.525242
5.525242
5.525242
5.525242
5.525242
5.525242
5.525242
5.525242
5.525242
5.495032
5.499919
5.499919
5.499919
5.499919
5.499919
5.499919
5.499919
5.499919
5.499919
5.470126
5.470126
5.470126
5.470126
5.459961
5.459961
5.459961
5.459961
5.459961
5.459961
5.445609
5.450458
5.450458
5.450458
5.450458
5.450458
5.450458
5.450458
5.450458
5.425678
5.428405
5.428405
5.428405
5.428405
5.420637
5.420637
5.420637
5.420637
5.420637
5.420637
5.404595
5.404595
5.404595
5.404595
5.396960
5.396960
5.396960
5.396960
5.396960
5.396960
5.383202
5.383202
5.383202
5.383202
5.373643
5.373643
5.373643
5.373643
5.373643
5.373643
5.360086
5.364853
5.364853
5.364853
5.364853
5.364853
5.364853
5.364853
5.364853
5.341334
5.344074
5.344074
5.344074
5.344074
5.344074
5.344074
5.344074
5.344074
5.344074
5.318859
5.321603
5.321603
5.321603
5.321603
5.321603
5.321603
5.321603
5.321603
5.321603
5.296717
5.296717
5.297505
5.297505
5.297505
5.297505
5.297505
5.297505
5.297505
5.297505
5.274901
5.274901
5.275715
5.275715
5.275715
5.275715
5.275715
5.275715
5.275715
5.275715
5.253404
5.253404
5.254243
5.254243
5.254243
5.254243
5.254243
5.254243
5.254243
5.254243
5.232218
5.232218
5.233082
5.233082
5.233082
5.233082
5.233082
5.233082
5.233082
5.233082
5.233082
5.207589
5.207589
5.207589
5.207589
5.199145
5.199145
5.199145
5.199145
5.199145
5.199145
5.185196
5.185196
5.185196
5.185196
5.185196
5.185196
5.185196
5.185196
5.185196
5.162192
5.162192
5.163137
5.163137
5.163137
5.163137
5.163137
5.163137
5.163137
5.163137
5.163137
5.138626
5.138626
5.138626
5.138626
5.130578
5.130578
5.130578
5.130578
5.130578
5.130578
5.130578
5.115421
5.115421
5.115421
5.115421
5.115421
5.115421
5.115421
5.115421
5.115421
5.091548
5.091548
5.091548
5.091548
5.083758
5.083758
5.083758
5.083758
5.083758
5.083758
5.070768
5.070768
5.070768
5.070768
5.070768
5.070768
5.070768
5.070768
5.070768
5.049219
5.049219
5.049219
5.049219
5.049219
5.038218
5.038218
5.038218
5.038218
5.038218
5.038218
5.025590
5.025590
5.025590
5.025590
5.025590
5.025590
5.025590
5.025590
5.025590
5.004592
5.004592
5.005705
5.005705
5.005705
5.005705
5.005705
5.005705
5.005705
5.005705
5.005705
4.983295
4.987771
4.987771
4.987771
4.987771
4.987771
4.987771
4.987771
4.987771
4.987771
4.965619
4.970077
4.970077
4.970077
4.970077
4.970077
4.970077
4.970077
4.970077
4.970077
4.948177
4.948177
4.948177
4.948177
4.941173
4.941173
4.941173
4.941173
4.941173
4.941173
4.930964
4.930964
4.930964
4.930964
4.924057
4.924057
4.924057
4.924057
4.924057
4.924057
4.913976
4.913976
4.913976
4.913976
4.907164
4.907164
4.907164
4.907164
4.907164
4.907164
4.895620
4.895620
4.895620
4.895620
4.895620
4.895620
4.895620
4.895620
4.895620
4.876284
4.876284
4.877512
4.877512
4.877512
4.877512
4.877512
4.877512
4.877512
4.877512
4.877512
4.856847
4.856847
4.856847
4.856847
4.850330
4.850330
4.850330
4.850330
4.850330
4.850330
4.839223
4.839223
4.839223
4.839223
4.834334
4.834334
4.834334
4.834334
4.834334
4.834334
4.823359
4.823359
4.823359
4.823359
4.818540
4.818540
4.818540
4.818540
4.818540
4.818540
4.807694
4.807694
4.807694
4.807694
4.807694
4.807694
4.807694
4.807694
4.807694
4.789429
4.792224
4.792224
4.792224
4.792224
4.792224
4.792224
4.792224
4.792224
4.792224
4.774155
4.776947
4.776947
4.776947
4.776947
4.776947
4.776947
4.776947
4.776947
4.776947
4.759070
4.759070
4.760389
4.760389
4.760389
4.760389
4.760389
4.760389
4.760389
4.760389
4.744169
4.744169
4.745499
4.745499
4.745499
4.745499
4.745499
4.745499
4.745499
4.745499
4.745499
4.726567
4.726567
4.726567
4.726567
4.720723
4.720723
4.720723
4.720723
4.720723
4.720723
4.720723
4.709200
4.709200
4.709200
4.709200
4.709200
4.709200
4.709200
4.709200
4.709200
4.690692
4.690692
4.690692
4.690692
4.685015
4.685015
4.685015
4.685015
4.685015
4.685015
4.676567
4.676567
4.676567
4.676567
4.670962
4.670962
4.670962
4.670962
4.670962
4.670962
4.661223
4.661223
4.661223
4.661223
4.657076
4.657076
4.657076
4.657076
4.657076
4.657076
4.647443
4.647443
4.647443
4.647443
4.643353
4.643353
4.643353
4.643353
4.643353
4.643353
4.633826
4.633826
4.633826
4.633826
4.633826
4.633826
4.633826
4.633826
4.633826
4.617602
4.620367
4.620367
4.620367
4.620367
4.620367
4.620367
4.620367
4.620367
4.620367
4.604304
4.607066
4.607066
4.607066
4.607066
4.607066
4.607066
4.607066
4.607066
4.607066
4.591161
4.591161
4.592591
4.592591
4.592591
4.592591
4.592591
4.592591
4.592591
4.592591
4.592591
4.575537
4.575537
4.575537
4.575537
4.570418
4.570418
4.570418
4.570418
4.570418
4.570418
4.570418
4.560110
4.560110
4.560110
4.560110
4.560110
4.560110
4.560110
4.560110
4.560110
4.543417
4.543417
4.543417
4.543417
4.538437
4.538437
4.538437
4.538437
4.538437
4.538437
4.529642
4.529642
4.529642
4.529642
4.529642
4.529642
4.529642
4.529642
4.529642
4.514554
4.514554
4.516030
4.516030
4.516030
4.516030
4.516030
4.516030
4.516030
4.516030
4.516030
4.499838
4.499838
4.499838
4.499838
4.495050
4.495050
4.495050
4.495050
4.495050
4.495050
4.486547
4.486547
4.486547
4.486547
4.486547
4.486547
4.486547
4.486547
4.486547
4.471911
4.471911
4.473410
4.473410
4.473410
4.473410
4.473410
4.473410
4.473410
4.473410
4.473410
4.457695
4.457695
4.457695
4.457695
4.453091
4.453091
4.453091
4.453091
4.453091
4.453091
4.444864
4.444864
4.444864
4.444864
4.444864
4.444864
4.444864
4.444864
4.444864
4.430660
4.430660
4.432178
4.432178
4.432178
4.432178
4.432178
4.432178
4.432178
4.432178
4.419308
4.419308
4.420831
4.420831
4.420831
4.420831
4.420831
4.420831
4.420831
4.420831
4.420831
4.405709
4.409605
4.409605
4.409605
4.409605
4.409605
4.409605
4.409605
4.409605
4.409605
4.394618
4.398500
4.398500
4.398500
4.398500
4.398500
4.398500
4.398500
4.398500
4.398500
4.383645
4.383645
4.383645
4.383645
4.379364
4.379364
4.379364
4.379364
4.379364
4.379364
4.379364
4.370476
4.370476
4.370476
4.370476
4.370476
4.370476
4.370476
4.370476
4.370476
4.355911
4.355911
4.355911
4.355911
4.351740
4.351740
4.351740
4.351740
4.351740
4.351740
4.345313
4.345313
4.345313
4.345313
4.341189
4.341189
4.341189
4.341189
4.341189
4.341189
4.333697
4.333697
4.333697
4.333697
4.330748
4.330748
4.330748
4.330748
4.330748
4.330748
4.323327
4.323327
4.323327
4.323327
4.320414
4.320414
4.320414
4.320414
4.320414
4.320414
4.313064
4.313064
4.313064
4.313064
4.310187
4.310187
4.310187
4.310187
4.310187
4.310187
4.302905
4.302905
4.302905
4.302905
4.302905
4.302905
4.302905
4.302905
4.302905
4.290187
4.292851
4.292851
4.292851
4.292851
4.292851
4.292851
4.292851
4.292851
4.292851
4.280241
4.280241
4.281812
4.281812
4.281812
4.281812
4.281812
4.281812
4.281812
4.281812
4.281812
4.268238
4.268238
4.268238
4.268238
4.264434
4.264434
4.264434
4.264434
4.264434
4.264434
4.264434
4.256368
4.256368
4.256368
4.256368
4.256368
4.256368
4.256368
4.256368
4.256368
4.243045
4.243045
4.243045
4.243045
4.239335
4.239335
4.239335
4.239335
4.239335
4.239335
4.232483
4.232483
4.232483
4.232483
4.232483
4.232483
4.232483
4.232483
4.232483
4.220439
4.220439
4.222030
4.222030
4.222030
4.222030
4.222030
4.222030
4.222030
4.222030
4.211130
4.211130
4.212723
4.212723
4.212723
4.212723
4.212723
4.212723
4.212723
4.212723
4.201913
4.201913
4.203507
4.203507
4.203507
4.203507
4.203507
4.203507
4.203507
4.203507
4.203507
4.190740
4.194381
4.194381
4.194381
4.194381
4.194381
4.194381
4.194381
4.194381
4.194381
4.181716
4.185343
4.185343
4.185343
4.185343
4.185343
4.185343
4.185343
4.185343
4.185343
4.172778
4.172778
4.172778
4.172778
4.169347
4.169347
4.169347
4.169347
4.169347
4.169347
4.163927
4.163927
4.163927
4.163927
4.160531
4.160531
4.160531
4.160531
4.160531
4.160531
4.155160
4.155160
4.155160
4.155160
4.151799
4.151799
4.151799
4.151799
4.151799
4.151799
4.145490
4.145490
4.145490
4.145490
4.145490
4.145490
4.145490
4.145490
4.145490
4.134311
4.136896
4.136896
4.136896
4.136896
4.136896
4.136896
4.136896
4.136896
4.136896
4.125804
4.125804
4.127410
4.127410
4.127410
4.127410
4.127410
4.127410
4.127410
4.127410
4.127410
4.115444
4.115444
4.115444
4.115444
4.112230
4.112230
4.112230
4.112230
4.112230
4.112230
4.106150
4.106150
4.106150
4.106150
4.106150
4.106150
4.106150
4.106150
4.106150
4.095334
4.095334
4.095334
4.095334
4.095334
4.090291
4.090291
4.090291
4.090291
4.090291
4.090291
4.084328
4.084328
4.084328
4.084328
4.084328
4.084328
4.084328
4.084328
4.084328
4.073697
4.073697
4.075314
4.075314
4.075314
4.075314
4.075314
4.075314
4.075314
4.075314
4.075314
4.063838
4.063838
4.063838
4.063838
4.060803
4.060803
4.060803
4.060803
4.060803
4.060803
4.055003
4.055003
4.055003
4.055003
4.055003
4.055003
4.055003
4.055003
4.055003
4.044631
4.044631
4.046252
4.046252
4.046252
4.046252
4.046252
4.046252
4.046252
4.046252
4.046252
4.035050
4.035050
4.035050
4.035050
4.032115
4.032115
4.032115
4.032115
4.032115
4.032115
4.032115
4.025564
4.025564
4.025564
4.025564
4.025564
4.025564
4.025564
4.025564
4.025564
4.014546
4.014546
4.014546
4.014546
4.011678
4.011678
4.011678
4.011678
4.011678
4.011678
4.006139
4.006139
4.006139
4.006139
4.006139
4.006139
4.006139
4.006139
4.006139
3.996182
3.996182
3.996182
3.996182
3.996182
3.991604
3.991604
3.991604
3.991604
3.991604
3.991604
3.986167
3.986167
3.986167
3.986167
3.986167
3.986167
3.986167
3.986167
3.986167
3.976373
3.976373
3.978004
3.978004
3.978004
3.978004
3.978004
3.978004
3.978004
3.978004
3.978004
3.967415
3.967415
3.967415
3.967415
3.964703
3.964703
3.964703
3.964703
3.964703
3.964703
3.959408
3.959408
3.959408
3.959408
3.959408
3.959408
3.959408
3.959408
3.959408
3.949840
3.949840
3.951473
3.951473
3.951473
3.951473
3.951473
3.951473
3.951473
3.951473
3.951473
3.941125
3.941125
3.941125
3.941125
3.941125
3.941125
3.941125
3.941125
3.941125
3.930858
3.930858
3.932493
3.932493
3.932493
3.932493
3.932493
3.932493
3.932493
3.932493
3.932493
3.922307
3.922307
3.922307
3.922307
3.919741
3.919741
3.919741
3.919741
3.919741
3.919741
3.914673
3.914673
3.914673
3.914673
3.914673
3.914673
3.914673
3.914673
3.914673
3.905471
3.905471
3.907107
3.907107
3.907107
3.907107
3.907107
3.907107
3.907107
3.907107
3.907107
3.897148
3.897148
3.897148
3.897148
3.894661
3.894661
3.894661
3.894661
3.894661
3.894661
3.889722
3.889722
3.889722
3.889722
3.889722
3.889722
3.889722
3.889722
3.889722
3.880725
3.880725
3.882361
3.882361
3.882361
3.882361
3.882361
3.882361
3.882361
3.882361
3.874241
3.874241
3.875876
3.875876
3.875876
3.875876
3.875876
3.875876
3.875876
3.875876
3.867811
3.867811
3.869444
3.869444
3.869444
3.869444
3.869444
3.869444
3.869444
3.869444
3.861434
3.861434
3.863066
3.863066
3.863066
3.863066
3.863066
3.863066
3.863066
3.863066
3.863066
3.853517
3.853517
3.853517
3.853517
3.851173
3.851173
3.851173
3.851173
3.851173
3.851173
3.846463
3.846463
3.846463
3.846463
3.846463
3.846463
3.846463
3.846463
3.846463
3.837838
3.837838
3.839469
3.839469
3.839469
3.839469
3.839469
3.839469
3.839469
3.839469
3.839469
3.830124
3.830124
3.830124
3.830124
3.827852
3.827852
3.827852
3.827852
3.827852
3.827852
3.827852
3.822479
3.822479
3.822479
3.822479
3.822479
3.822479
3.822479
3.822479
3.822479
3.813271
3.813271
3.813271
3.813271
3.811048
3.811048
3.811048
3.811048
3.811048
3.811048
3.807297
3.807297
3.807297
3.807297
3.805093
3.805093
3.805093
3.805093
3.805093
3.805093
3.800607
3.800607
3.800607
3.800607
3.800607
3.800607
3.800607
3.800607
3.800607
3.792346
3.792346
3.793974
3.793974
3.793974
3.793974
3.793974
3.793974
3.793974
3.793974
3.793974
3.785015
3.788151
3.788151
3.788151
3.788151
3.788151
3.788151
3.788151
3.788151
3.788151
3.779248
3.779248
3.779248
3.779248
3.777129
3.777129
3.777129
3.777129
3.777129
3.777129
3.773526
3.773526
3.773526
3.773526
3.771426
3.771426
3.771426
3.771426
3.771426
3.771426
3.767108
3.767108
3.767108
3.767108
3.767108
3.767108
3.767108
3.767108
3.767108
3.759120
3.759120
3.760743
3.760743
3.760743
3.760743
3.760743
3.760743
3.760743
3.760743
3.760743
3.752076
3.752076
3.752076
3.752076
3.750038
3.750038
3.750038
3.750038
3.750038
3.750038
3.745820
3.745820
3.745820
3.745820
3.744528
3.744528
3.744528
3.744528
3.744528
3.744528
3.740340
3.740340
3.740340
3.740340
3.740340
3.740340
3.740340
3.740340
3.740340
3.732563
3.734902
3.734902
3.734902
3.734902
3.734902
3.734902
3.734902
3.734902
3.734902
3.727173
3.729506
3.729506
3.729506
3.729506
3.729506
3.729506
3.729506
3.729506
3.729506
3.721824
3.724151
3.724151
3.724151
3.724151
3.724151
3.724151
3.724151
3.724151
3.724151
3.716516
3.716516
3.718128
3.718128
3.718128
3.718128
3.718128
3.718128
3.718128
3.718128
3.711248
3.711248
3.712858
3.712858
3.712858
3.712858
3.712858
3.712858
3.712858
3.712858
3.706020
3.708330
3.708330
3.708330
3.708330
3.708330
3.708330
3.708330
3.708330
3.708330
3.700832
3.703136
3.703136
3.703136
3.703136
3.701947
3.701947
3.701947
3.701947
3.701947
3.701947
3.698676
3.701666
3.701666
3.701666
3.701666
3.701666
3.701666
3.701666
3.701666
3.694939
3.694939
3.696537
3.696537
3.696537
3.696537
3.696537
3.696537
3.696537
3.696537
3.689851
3.692823
3.695794
3.695794
3.695794
3.695794
3.695794
3.695794
3.695794
3.695794
3.689135
3.691411
3.691411
3.691411
3.691411
3.690257
3.690257
3.690257
3.690257
3.690257
3.690257
3.687058
3.690009
3.690009
3.690009
3.690009
3.690009
3.690009
3.690009
3.690009
3.683415
3.683415
3.684998
3.684998
3.684998
3.684998
3.684998
3.684998
3.684998
3.684998
3.678444
3.680701
3.680701
3.680701
3.680701
3.679576
3.679576
3.679576
3.679576
3.679576
3.679576
3.676433
3.679355
3.679355
3.679355
3.679355
3.679355
3.679355
3.679355
3.679355
3.679355
3.671525
3.674438
3.674438
3.674438
3.674438
3.674438
3.674438
3.674438
3.674438
3.667986
3.667986
3.669557
3.669557
3.669557
3.669557
3.669557
3.669557
3.669557
3.669557
3.669557
3.661816
3.661816
3.661816
3.661816
3.660072
3.660072
3.660072
3.660072
3.660072
3.660072
3.656354
3.656354
3.656354
3.656354
3.656354
3.656354
3.656354
3.656354
3.656354
3.649365
3.651589
3.651589
3.651589
3.651589
3.651589
3.651589
3.651589
3.651589
3.651589
3.644641
3.644641
3.646206
3.646206
3.646206
3.646206
3.646206
3.646206
3.646206
3.646206
3.639950
3.639950
3.641512
3.641512
3.641512
3.641512
3.641512
3.641512
3.641512
3.641512
3.635292
3.635292
3.636853
3.636853
3.636853
3.636853
3.636853
3.636853
3.636853
3.636853
3.636853
3.629380
3.629380
3.629380
3.629380
3.627725
3.627725
3.627725
3.627725
3.627725
3.627725
3.624794
3.624794
3.624794
3.624794
3.623152
3.623152
3.623152
3.623152
3.623152
3.623152
3.620241
3.620241
3.620241
3.620241
3.618612
3.618612
3.618612
3.618612
3.618612
3.618612
3.615085
3.615085
3.615085
3.615085
3.614103
3.614103
3.614103
3.614103
3.614103
3.614103
3.610598
3.610598
3.610598
3.610598
3.610598
3.610598
3.610598
3.610598
3.610598
3.603965
3.603965
3.605515
3.605515
3.605515
3.605515
3.605515
3.605515
3.605515
3.605515
3.599545
3.599545
3.601093
3.601093
3.601093
3.601093
3.601093
3.601093
3.601093
3.601093
3.601093
3.593913
3.596702
3.596702
3.596702
3.596702
3.596702
3.596702
3.596702
3.596702
3.596702
3.589560
3.592341
3.592341
3.592341
3.592341
3.592341
3.592341
3.592341
3.592341
3.592341
3.585237
3.588010
3.588010
3.588010
3.588010
3.588010
3.588010
3.588010
3.588010
3.588010
3.580944
3.583709
3.583709
3.583709
3.583709
3.583709
3.583709
3.583709
3.583709
3.583709
3.576680
3.579437
3.579437
3.579437
3.579437
3.579437
3.579437
3.579437
3.579437
3.573661
3.575802
3.575802
3.575802
3.575802
3.574904
3.574904
3.574904
3.574904
3.574904
3.574904
3.572190
3.572190
3.572190
3.572190
3.570695
3.570695
3.570695
3.570695
3.570695
3.570695
3.567999
3.570731
3.570731
3.570731
3.570731
3.570731
3.570731
3.570731
3.570731
3.565037
3.567161
3.567161
3.567161
3.567161
3.566283
3.566283
3.566283
3.566283
3.566283
3.566283
3.563015
3.563015
3.563015
3.563015
3.562146
3.562146
3.562146
3.562146
3.562146
3.562146
3.559493
3.559493
3.559493
3.559493
3.558037
3.558037
3.558037
3.558037
3.558037
3.558037
3.554807
3.554807
3.554807
3.554807
3.553955
3.553955
3.553955
3.553955
3.553955
3.553955
3.550744
3.550744
3.550744
3.550744
3.549900
3.549900
3.549900
3.549900
3.549900
3.549900
3.546708
3.546708
3.546708
3.546708
3.545872
3.545872
3.545872
3.545872
3.545872
3.545872
3.542699
3.542699
3.542699
3.542699
3.542699
3.542699
3.542699
3.542699
3.542699
3.536626
3.538715
3.538715
3.538715
3.538715
3.538715
3.538715
3.538715
3.538715
3.538715
3.532674
3.534758
3.534758
3.534758
3.534758
3.534758
3.534758
3.534758
3.534758
3.534758
3.528748
3.530827
3.530827
3.530827
3.530827
3.530827
3.530827
3.530827
3.530827
3.530827
3.524847
3.524847
3.526347
3.526347
3.526347
3.526347
3.526347
3.526347
3.526347
3.526347
3.526347
3.519257
3.519257
3.519257
3.519257
3.519257
3.519257
3.519257
3.519257
3.519257
3.513347
3.513347
3.514846
3.514846
3.514846
3.514846
3.514846
3.514846
3.514846
3.514846
3.514846
3.508402
3.508402
3.508402
3.508402
3.507072
3.507072
3.507072
3.507072
3.507072
3.507072
3.504618
3.504618
3.504618
3.504618
3.503298
3.503298
3.503298
3.503298
3.503298
3.503298
3.500298
3.500298
3.500298
3.500298
3.499548
3.499548
3.499548
3.499548
3.499548
3.499548
3.496564
3.496564
3.496564
3.496564
3.496564
3.496564
3.496564
3.496564
3.496564
3.490810
3.490810
3.492299
3.492299
3.492299
3.492299
3.492299
3.492299
3.492299
3.492299
3.492299
3.486022
3.486022
3.486022
3.486022
3.484745
3.484745
3.484745
3.484745
3.484745
3.484745
3.484745
3.481267
3.481267
3.481267
3.481267
3.481267
3.481267
3.481267
3.481267
3.481267
3.475061
3.475061
3.475061
3.475061
3.473808
3.473808
3.473808
3.473808
3.473808
3.473808
3.470920
3.470920
3.470920
3.470920
3.470920
3.470920
3.470920
3.470920
3.470920
3.465324
3.465324
3.466806
3.466806
3.466806
3.466806
3.466806
3.466806
3.466806
3.466806
3.466806
3.460699
3.460699
3.460699
3.460699
3.459477
3.459477
3.459477
3.459477
3.459477
3.459477
3.456643
3.456643
3.456643
3.456643
3.456643
3.456643
3.456643
3.456643
3.456643
3.451137
3.451137
3.452614
3.452614
3.452614
3.452614
3.452614
3.452614
3.452614
3.452614
3.452614
3.446069
3.446069
3.446069
3.446069
3.446069
3.446069
3.446069
3.446069
3.446069
3.440625
3.440625
3.442099
3.442099
3.442099
3.442099
3.442099
3.442099
3.442099
3.442099
3.442099
3.436154
3.436154
3.436154
3.436154
3.434985
3.434985
3.434985
3.434985
3.434985
3.434985
3.432240
3.432240
3.432240
3.432240
3.432240
3.432240
3.432240
3.432240
3.432240
3.426882
3.426882
3.428350
3.428350
3.428350
3.428350
3.428350
3.428350
3.428350
3.428350
3.428350
3.422498
3.422498
3.422498
3.422498
3.421358
3.421358
3.421358
3.421358
3.421358
3.421358
3.418662
3.418662
3.418662
3.418662
3.418662
3.418662
3.418662
3.418662
3.418662
3.418662
3.412354
3.412354
3.412354
3.412354
3.411235
3.411235
3.411235
3.411235
3.411235
3.411235
3.408574
3.408574
3.408574
3.408574
3.408574
3.408574
3.408574
3.408574
3.408574
3.408574
3.402332
3.402332
3.402332
3.402332
3.401233
3.401233
3.401233
3.401233
3.401233
3.401233
3.398606
3.398606
3.398606
3.398606
3.398606
3.398606
3.398606
3.398606
3.398606
3.398606
3.392430
3.392430
3.392430
3.392430
3.391352
3.391352
3.391352
3.391352
3.391352
3.391352
3.391352
3.388252
3.388252
3.388252
3.388252
3.388252
3.388252
3.388252
3.384157
3.384157
3.385612
3.385612
3.385612
3.385612
3.385555
3.385555
3.385555
3.385555
3.385555
3.383991
3.383991
3.384939
3.384939
3.384939
3.384939
3.384382
3.384382
3.384382
3.384382
3.384382
3.384382
3.382324
3.382324
3.383771
3.383771
3.383771
3.383771
3.383771
3.381719
3.381719
3.381719
3.381719
3.381666
3.381666
3.381666
3.381666
3.381116
3.381116
3.382556
3.382556
3.383498
3.383498
3.383498
3.384438
3.384438
3.385874
3.385874
3.387308
3.389237
3.389237
3.390668
3.390668
3.392594
3.392594
3.393524
3.393524
3.393524
3.394453
3.396870
3.396870
3.398292
3.398292
3.399216
3.399216
3.399216
3.399642
3.399642
3.399642
3.400564
3.400564
3.401484
3.401484
3.402898
3.402898
3.404806
3.404806
3.406217
3.406217
3.407626
3.407626
3.409034
3.409034
3.409034
3.409449
3.411349
3.411349
3.412752
3.415143
3.415143
3.415143
3.416048
3.418436
3.418436
3.418436
3.418842
3.418842
3.420236
3.420236
3.421629
3.421629
3.423021
3.423021
3.424410
3.424410
3.425799
3.425799
3.426691
3.426691
3.428076
3.428076
3.429459
3.429459
3.431335
3.431335
3.432716
3.432716
3.434094
3.434094
3.434977
3.434977
3.436353
3.436353
3.436353
3.437233
3.437233
3.438606
3.438606
3.439977
3.439977
3.441346
3.441346
3.442714
3.442714
3.444080
3.445938
3.445938
3.447300
3.447300
3.449155
3.449155
3.450022
3.450022
3.451380
3.451380
3.451380
3.452244
3.452244
3.453600
3.455938
3.455938
3.456798
3.456798
3.456798
3.457656
3.457656
3.457656
3.458022
3.460353
3.460353
3.460353
3.460716
3.460716
3.461569
3.461569
3.462912
3.462912
3.462912
3.463763
3.463763
3.465103
3.467424
3.467424
3.468270
3.468270
3.469606
3.469606
3.470940
3.470940
3.472763
3.472763
3.474094
3.474094
3.475424
3.475424
3.476261
3.476261
3.476261
3.476608
3.476608
3.477933
3.477933
3.479257
3.479257
3.480579
3.480579
3.481900
3.481900
3.483220
3.483220
3.483220
3.484048
3.484048
3.485365
3.485365
3.486680
3.486680
3.487993
3.487993
3.487993
3.487839
3.487839
3.487839
3.488662
3.488662
3.489971
3.489971
3.489971
3.490303
3.490303
3.491610
3.491610
3.491610
3.491940
3.491940
3.491940
3.492270
3.492270
3.492270
3.492112
3.492112
3.492112
3.492441
3.492441
3.493741
3.493741
3.495040
3.495040
3.495040
3.495040
3.494881
3.494881
3.496177
3.496177
3.496177
3.496501
3.496501
3.497310
3.497310
3.497310
3.497633
3.497633
3.497633
3.498439
3.498439
3.498439
3.498761
3.498761
3.499566
3.499566
3.499566
3.499566
3.499402
3.499402
3.500205
3.500205
3.500205
3.500524
3.500524
3.500524
3.500524
3.499879
3.499879
3.499879
3.500197
3.500197
3.500197
3.500997
3.500997
3.500997
3.500833
3.500833
3.500833
3.501150
3.501150
3.501150
3.501467
3.501467
3.501467
3.502263
3.502263
3.502263
3.502578
3.502578
3.503372
3.503372
3.503372
3.504165
3.504165
3.504165
3.504478
3.504478
3.504478
3.504791
3.504791
3.504791
3.504791
3.503669
3.503669
3.504936
3.504936
3.504936
3.505725
3.505725
3.505725
3.505558
3.505558
3.505558
3.505558
3.504916
3.504916
3.504916
3.504916
3.504916
3.503323
3.503323
3.503323
3.503634
3.503634
3.503634
3.504420
3.504420
3.505679
3.505679
3.505679
3.505514
3.505514
3.505514
3.505822
3.505822
3.505822
3.506604
3.506604
3.506604
3.506438
3.506438
3.506438
3.507218
3.507218
3.507218
3.507052
3.507052
3.507052
3.507358
3.507358
3.508608
3.508608
3.508608
3.508608
3.508440
3.508440
3.509216
3.509216
3.509216
3.509216
3.509049
3.509049
3.509049
3.509352
3.509352
3.510125
3.510125
3.510125
3.510125
3.509957
3.509957
3.509957
3.510259
3.510259
3.510259
3.510560
3.510560
3.510560
3.510861
3.510861
3.510861
3.510693
3.510693
3.510693
3.511462
3.511462
3.511462
3.511293
3.511293
3.511293
3.511592
3.511592
3.511592
3.512359
3.512359
3.512359
3.512657
3.512657
3.513888
3.513888
3.514651
3.514651
3.515880
3.515880
3.515880
3.516641
3.516641
3.517867
3.517867
3.519092
3.519092
3.520316
3.520316
3.521538
3.521538
3.522759
3.522759
3.522759
3.523047
3.523047
3.524266
3.524266
3.525483
3.525483
3.526234
3.526234
3.526234
3.526983
3.526983
3.527732
3.527732
3.528945
3.528945
3.530156
3.530156
3.531366
3.531366
3.531366
3.532110
3.532110
3.533317
3.533317
3.534524
3.534524
3.535264
3.535264
3.536468
3.536468
3.536468
3.536468
3.536279
3.536279
3.536279
3.536091
3.536091
3.537292
3.537292
3.538491
3.538491
3.538491
3.539226
3.539226
3.539226
3.539498
3.539498
3.540231
3.540231
3.541426
3.541426
3.541426
3.541426
3.541234
3.541234
3.541964
3.541964
3.541964
3.542233
3.542233
3.542233
3.542962
3.542962
3.542962
3.543230
3.543230
3.543230
3.543497
3.543497
3.543497
3.543303
3.543303
3.543303
3.543570
3.543570
3.544755
3.544755
3.544755
3.545479
3.545479
3.545479
3.545743
3.545743
3.546466
3.546466
3.546466
3.546466
3.546271
3.546271
3.546271
3.546271
3.545161
3.545161
3.546339
3.546339
3.546339
3.547059
3.547059
3.548235
3.548235
3.549410
3.549410
3.549410
3.549213
3.549213
3.549213
3.549213
3.549017
3.549017
3.550189
3.550189
3.550189
3.549991
3.549991
3.549991
3.549991
3.549795
3.549795
3.549795
3.550053
3.550053
3.550053
3.550053
3.550053
3.548039
3.548039
3.548039
3.548298
3.548298
3.548298
3.548557
3.548557
3.549722
3.549722
3.549722
3.549980
3.549980
3.549980
3.549980
3.549331
3.549331
3.549331
3.550041
3.550041
3.550041
3.549846
3.549846
3.549846
3.550102
3.550102
3.550102
3.550809
3.550809
3.550809
3.550614
3.550614
3.550614
3.550614
3.550614
3.550614
3.548617
3.548617
3.548617
3.548617
3.548617
3.547076
3.547076
3.547076
3.547076
3.546435
3.546435
3.546435
3.546435
3.545796
3.545796
3.545796
3.545796
3.545158
3.545158
3.545158
3.545158
3.545158
3.543180
3.543180
3.543180
3.543180
3.543180
3.543180
3.543180
3.540317
3.540317
3.540317
3.540317
3.539242
3.539242
3.539242
3.539242
3.539242
3.539242
3.537280
3.537280
3.537280
3.537280
3.537280
3.535768
3.535768
3.535768
3.535768
3.535145
3.535145
3.535145
3.535145
3.534081
3.534081
3.534081
3.534345
3.534345
3.534345
3.534345
3.534345
3.533284
3.533284
3.533284
3.533284
3.532666
3.532666
3.532666
3.532666
3.532049
3.532049
3.532049
3.532049
3.531434
3.531434
3.531434
3.531434
3.531434
3.529941
3.529941
3.529941
3.529768
3.529768
3.529768
3.529768
3.529157
3.529157
3.529157
3.529157
3.528547
3.528547
3.528547
3.528547
3.528547
3.527501
3.527501
3.527501
3.527501
3.526894
3.526894
3.526894
3.526894
3.526288
3.526288
3.526288
3.526288
3.526288
3.524377
3.524377
3.524377
3.524377
3.524377
3.522905
3.522905
3.522905
3.523608
3.523608
3.523608
3.523608
3.523608
3.522140
3.522140
3.522842
3.522842
3.522842
3.522842
3.522677
3.522677
3.522677
3.522512
3.522512
3.522512
3.522512
3.521915
3.521915
3.521915
3.521915
3.521915
3.520456
3.520456
3.520456
3.520456
3.520456
3.520456
3.518570
3.518570
3.518570
3.518570
3.517979
3.517979
3.517979
3.517979
3.516960
3.516960
3.516960
3.516960
3.516372
3.516372
3.516372
3.516372
3.516213
3.516213
3.516912
3.516912
3.516912
3.516912
3.516753
3.516753
3.516753
3.516753
3.516167
3.516167
3.516167
3.516437
3.516437
3.516437
3.516279
3.516279
3.516279
3.516975
3.516975
3.516975
3.516817
3.516817
3.516817
3.517085
3.517085
3.517085
3.517353
3.517353
3.517353
3.518046
3.518046
3.518046
3.518046
3.517463
3.517463
3.517463
3.517305
3.517305
3.517305
3.517996
3.517996
3.517996
3.517996
3.517414
3.517414
3.518104
3.518104
3.518104
3.518104
3.517946
3.517946
3.517946
3.518212
3.518212
3.518212
3.518477
3.518477
3.518477
3.518320
3.518320
3.518320
3.519007
3.519007
3.519007
3.519271
3.519271
3.520379
3.520379
3.520379
3.520220
3.520220
3.521748
3.521748
3.521748
3.522009
3.522009
3.522692
3.522692
3.523795
3.523795
3.523795
3.523795
3.523633
3.523633
3.523633
3.523893
3.523893
3.523893
3.524152
3.524152
3.524152
3.523991
3.523991
3.525089
3.525089
3.525089
3.525089
3.524927
3.526443
3.526443
3.526443
3.526700
3.526700
3.526700
3.527375
3.527375
3.527375
3.527630
3.527630
3.528304
3.528304
3.528304
3.528304
3.527722
3.527722
3.528813
3.528813
3.528813
3.528813
3.528649
3.528649
3.529738
3.529738
3.529738
3.529573
3.529573
3.531078
3.531078
3.531078
3.531329
3.531329
3.532414
3.532414
3.533082
3.533082
3.533082
3.533748
3.533748
3.534830
3.534830
3.534830
3.534662
3.534662
3.536159
3.536159
3.536159
3.535990
3.535990
3.537484
3.537484
3.537484
3.537730
3.537730
3.538807
3.540298
3.540298
3.540298
3.540541
3.540541
3.542030
3.542030
3.543103
3.543103
3.543759
3.543759
3.545245
3.545245
3.545899
3.545899
3.545899
3.546553
3.546553
3.547621
3.547621
3.547621
3.547858
3.547858
3.548509
3.548509
3.548509
3.549160
3.549160
3.550224
3.550224
3.550224
3.550459
3.551935
3.551935
3.552996
3.552996
3.552996
3.553642
3.555115
3.555115
3.555115
3.555760
3.555760
3.556817
3.558287
3.558287
3.558287
3.558287
3.558102
3.559569
3.559569
3.559569
3.560209
3.560209
3.561262
3.562726
3.562726
3.562726
3.562726
3.562538
3.562538
3.563588
3.563588
3.563588
3.563812
3.563812
3.564860
3.564860
3.565494
3.565494
3.566540
3.566540
3.567997
3.567997
3.567997
3.568217
3.568217
3.569261
3.569261
3.569891
3.569891
3.569891
3.570521
3.570521
3.571562
3.571562
3.571562
3.571779
3.573228
3.573228
3.573228
3.573444
3.573444
3.574481
3.574481
3.574481
3.575106
3.575106
3.576141
3.577586
3.577586
3.577586
3.577798
3.577798
3.579240
3.579240
3.580271
3.580271
3.580271
3.580481
3.581921
3.581921
3.581921
3.581921
3.581720
3.583157
3.583157
3.583157
3.583157
3.582955
3.584391
3.584391
3.584391
3.584597
3.584597
3.585621
3.585621
3.587053
3.587053
3.587053
3.587258
3.588688
3.588688
3.589708
3.589708
3.589708
3.590319
3.591747
3.591747
3.591747
3.592356
3.592356
3.592964
3.592964
3.593980
3.593980
3.593980
3.594587
3.596009
3.596009
3.596009
3.596614
3.596614
3.597627
3.599046
3.599046
3.599046
3.599241
3.599241
3.600658
3.600658
3.601667
3.601667
3.602267
3.602267
3.603274
3.603274
3.603274
3.603465
3.603465
3.604878
3.604878
3.605882
3.605882
3.606478
3.606478
3.607888
3.607888
3.608482
3.608482
3.609483
3.609483
3.610890
3.610890
3.610890
3.611075
3.612480
3.612480
3.613477
3.613477
3.613477
3.613661
3.613661
3.615062
3.615062
3.615062
3.615245
3.616644
3.616644
3.617637
3.617637
3.617637
3.618223
3.619620
3.619620
3.619620
3.620204
3.620204
3.621194
3.622588
3.622588
3.622588
3.622764
3.622764
3.623751
3.623751
3.623751
3.624332
3.624332
3.625317
3.626706
3.626706
3.626706
3.626879
3.626879
3.628266
3.628266
3.629248
3.629248
3.629824
3.629824
3.631208
3.631208
3.631783
3.631783
3.632761
3.632761
3.632761
3.633334
3.633334
3.633906
3.633906
3.635286
3.635286
3.635857
3.635857
3.636830
3.636830
3.638207
3.638207
3.638207
3.638372
3.639747
3.639747
3.639747
3.639911
3.639911
3.640880
3.640880
3.642252
3.642252
3.642252
3.642414
3.643784
3.643784
3.644750
3.644750
3.644750
3.645313
3.646680
3.646680
3.646680
3.647241
3.647241
3.648204
3.649569
3.649569
3.649569
3.649569
3.649323
3.650686
3.650686
3.650686
3.650686
3.650439
3.651800
3.651800
3.652758
3.652758
3.652758
3.653314
3.654672
3.654672
3.654672
3.655226
3.655226
3.656181
3.657536
3.657536
3.657536
3.657686
3.657686
3.658639
3.658639
3.658639
3.659189
3.659189
3.660140
3.661491
3.661491
3.661491
3.661638
3.661638
3.662987
3.662987
3.663934
3.663934
3.664480
3.664480
3.665827
3.665827
3.666371
3.666371
3.667315
3.667315
3.667315
3.667859
3.667859
3.668801
3.670143
3.671884
3.671884
3.671884
3.672024
3.672024
3.673363
3.675101
3.675101
3.675101
3.675239
3.676975
3.678311
3.678311
3.679246
3.679246
3.680180
3.680180
3.681513
3.681513
3.682445
3.682445
3.683377
3.685107
3.685107
3.685637
3.685637
3.686566
3.686566
3.687894
3.687894
3.687894
3.688023
3.689349
3.689349
3.690275
3.690275
3.690275
3.690801
3.692124
3.692124
3.692124
3.692648
3.692648
3.693172
3.693172
3.694094
3.694094
3.694094
3.694617
3.695936
3.695936
3.695936
3.696457
3.696457
3.697376
3.698692
3.698692
3.698692
3.698813
3.698813
3.700128
3.700128
3.701044
3.701044
3.701561
3.701561
3.702475
3.702475
3.702475
3.702593
3.702593
3.703904
3.703904
3.704816
3.704816
3.705329
3.705329
3.706637
3.706637
3.707150
3.707150
3.708058
3.708058
3.709364
3.709364
3.709364
3.709477
3.710781
3.710781
3.711686
3.711686
3.711686
3.711798
3.711798
3.713099
3.713099
3.713099
3.713210
3.714509
3.714509
3.715411
3.715411
3.715411
3.715916
3.717213
3.717213
3.717213
3.717717
3.717717
3.718220
3.718220
3.718220
3.718327
3.718327
3.719225
3.719225
3.719225
3.719726
3.719726
3.720227
3.720227
3.721123
3.721123
3.721123
3.721228
3.721228
3.722122
3.722122
3.722122
3.722122
3.721832
3.723119
3.723119
3.724011
3.724011
3.724011
3.724508
3.725793
3.725793
3.725793
3.726289
3.726289
3.727178
3.728461
3.728461
3.728461
3.728560
3.728560
3.729448
3.729448
3.729448
3.729940
3.729940
3.730826
3.732104
3.732104
3.732104
3.732201
3.732201
3.733478
3.733478
3.734361
3.734361
3.734849
3.734849
3.736124
3.736124
3.736611
3.736611
3.737491
3.737491
3.737491
3.737977
3.737977
3.738463
3.738463
3.739733
3.739733
3.740217
3.740217
3.741093
3.741093
3.742361
3.742361
3.742361
3.742451
3.743717
3.743717
3.744591
3.744591
3.744591
3.745071
3.746335
3.746335
3.746335
3.746335
3.746031
3.747293
3.747293
3.748163
3.748163
3.748163
3.748249
3.748249
3.749509
3.749509
3.749509
3.749594
3.750852
3.750852
3.751718
3.751718
3.751718
3.752193
3.753449
3.753449
3.753449
3.753922
3.753922
3.754395
3.754395
3.755258
3.755258
3.755258
3.755258
3.754949
3.754949
3.754949
3.755031
3.755031
3.755031
3.754722
3.754722
3.754722
3.754722
3.754415
3.754415
3.755275
3.755275
3.755275
3.754967
3.754967
3.756215
3.756215
3.756684
3.756684
3.757541
3.757541
3.758787
3.758787
3.758787
3.758477
3.758477
3.759721
3.759721
3.760187
3.760187
3.761041
3.761041
3.762283
3.762283
3.762283
3.762359
3.763599
3.763599
3.764450
3.764450
3.764450
3.764913
3.764913
3.765763
3.765763
3.765763
3.765449
3.765449
3.766685
3.766685
3.767146
3.767146
3.767993
3.767993
3.769227
3.769227
3.769227
3.769299
3.769299
3.769757
3.769757
3.769757
3.769757
3.769442
3.769442
3.770286
3.770286
3.770286
3.770286
3.769199
3.769199
3.769199
3.769271
3.769271
3.769271
3.769728
3.769728
3.769728
3.769799
3.769799
3.769799
3.769486
3.769486
3.769486
3.769486
3.769486
3.768403
3.768403
3.768403
3.768403
3.768403
3.766554
3.766554
3.766554
3.766554
3.765860
3.765860
3.766700
3.766700
3.766700
3.766700
3.766700
3.766700
3.764475
3.764475
3.765314
3.765314
3.765314
3.765314
3.765314
3.765314
3.765314
3.765314
3.761567
3.761567
3.761567
3.761643
3.761643
3.761643
3.761643
3.761643
3.761643
3.761643
3.758671
3.758671
3.758671
3.758671
3.758368
3.758368
3.758368
3.758368
3.758368
3.758368
3.758368
3.758368
3.758368
3.758368
3.753132
3.753132
3.753132
3.753132
3.753132
3.753132
3.753132
3.753132
3.749428
3.749428
3.749428
3.749428
3.749428
3.749428
3.747245
3.747245
3.747245
3.747245
3.747245
3.745444
3.745444
3.745444
3.745444
3.745444
3.745444
3.745444
3.745444
3.745444
3.741391
3.741391
3.742229
3.742229
3.742229
3.742229
3.741565
3.742777
3.742777
3.742777
3.742777
3.742777
3.741739
3.741739
3.742200
3.742200
3.742200
3.742661
3.743870
3.743870
3.744704
3.744704
3.744704
3.745163
3.745163
3.745622
3.745622
3.745622
3.746080
3.747285
3.747285
3.748116
3.748116
3.748116
3.748199
3.748199
3.749028
3.749028
3.749028
3.749110
3.749110
3.750312
3.750312
3.750312
3.750020
3.750020
3.750020
3.750020
3.749728
3.749728
3.750555
3.750555
3.751381
3.751381
3.751381
3.751381
3.750716
3.750716
3.750716
3.750424
3.750424
3.751249
3.751249
3.751249
3.751249
3.750957
3.750957
3.750957
3.751037
3.751037
3.751860
3.751860
3.752683
3.752683
3.752683
3.752762
3.752762
3.753583
3.753583
3.754033
3.754033
3.754853
3.754853
3.755672
3.755672
3.755672
3.756120
3.756120
3.756938
3.756938
3.757755
3.757755
3.758572
3.758572
3.759388
3.759388
3.760204
3.760204
3.761019
3.761019
3.761833
3.761833
3.761833
3.761906
3.761906
3.762719
3.762719
3.763532
3.763532
3.764344
3.764344
3.765155
3.765155
3.765596
3.765596
3.766406
3.766406
3.767215
3.767215
3.768024
3.768024
3.768832
3.768832
3.769639
3.769639
3.769639
3.769707
3.769707
3.770514
3.770514
3.771319
3.771319
3.772124
3.772124
3.772929
3.772929
3.773733
3.773733
3.774536
3.774536
3.774536
3.774970
3.774970
3.775403
3.775403
3.776204
3.776204
3.776204
3.776269
3.776269
3.777069
3.777069
3.777868
3.777868
3.778668
3.778668
3.779466
3.779466
3.780264
3.780264
3.781061
3.781061
3.781061
3.781490
3.781490
3.782286
3.782286
3.782714
3.782714
3.783508
3.783508
3.783508
3.783568
3.783568
3.783568
3.783995
3.783995
3.783995
3.784054
3.784054
3.784480
3.784480
3.784480
3.784480
3.784172
3.784172
3.784172
3.784231
3.784231
3.784231
3.783924
3.783924
3.783924
3.784349
3.784349
3.784349
3.784043
3.784043
3.784043
3.784467
3.784467
3.784467
3.784161
3.784161
3.784161
3.784219
3.784219
3.784219
3.784643
3.784643
3.784643
3.784337
3.784337
3.784337
3.784396
3.784396
3.785183
3.785183
3.785183
3.785183
3.784877
3.784877
3.785663
3.785663
3.786084
3.786084
3.786869
3.786869
3.786869
3.786926
3.786926
3.787710
3.787710
3.787710
3.787766
3.787766
3.788549
3.788549
3.789331
3.789331
3.790113
3.790113
3.790893
3.790893
3.791674
3.791674
3.792453
3.792453
3.793232
3.793232
3.793232
3.793286
3.793286
3.794064
3.794064
3.794841
3.794841
3.795618
3.795618
3.796394
3.796394
3.796394
3.796808
3.796808
3.797221
3.797221
3.797995
3.797995
3.797995
3.798045
3.798045
3.798819
3.798819
3.798819
3.799230
3.799230
3.800003
3.800003
3.800003
3.800052
3.800052
3.800823
3.800823
3.801594
3.801594
3.802364
3.802364
3.803134
3.803134
3.803542
3.803542
3.804310
3.804310
3.805078
3.805078
3.805078
3.805485
3.805485
3.806252
3.806252
3.806657
3.806657
3.807423
3.807423
3.808188
3.808188
3.808953
3.808953
3.809717
3.809717
3.810480
3.810480
3.811243
3.811243
3.812005
3.812005
3.812005
3.812047
3.812047
3.812809
3.812809
3.813569
3.813569
3.814329
3.814329
3.815089
3.815089
3.815089
3.815488
3.815488
3.816247
3.816247
3.817005
3.817005
3.817762
3.817762
3.818519
3.819634
3.819634
3.820390
3.820390
3.821504
3.821504
3.822258
3.823371
3.823371
3.824124
3.824124
3.824877
3.824877
3.825987
3.825987
3.826739
3.828208
3.828208
3.828599
3.830066
3.830066
3.830066
3.830097
3.830097
3.830846
3.830846
3.831594
3.831594
3.832341
3.832341
3.833088
3.833088
3.833834
3.833834
3.833834
3.834222
3.834222
3.834609
3.834609
3.835354
3.835354
3.835354
3.835382
3.835382
3.836126
3.836126
3.836869
3.836869
3.837611
3.837611
3.838354
3.838354
3.839095
3.839095
3.839095
3.839121
3.839121
3.839862
3.839862
3.840602
3.840602
3.841341
3.841341
3.842080
3.842080
3.842818
3.842818
3.842818
3.843199
3.843199
3.843937
3.843937
3.844317
3.844317
3.845053
3.845053
3.845053
3.845076
3.845076
3.845076
3.845455
3.845455
3.846189
3.846189
3.846189
3.846212
3.846212
3.846945
3.846945
3.846945
3.846967
3.846967
3.847700
3.847700
3.848077
3.848077
3.848809
3.848809
3.848809
3.848829
3.848829
3.848829
3.849205
3.849205
3.849935
3.849935
3.850310
3.850310
3.850310
3.850685
3.850685
3.850685
3.850704
3.850704
3.851433
3.851433
3.851806
3.851806
3.852534
3.852534
3.852534
3.852552
3.852552
3.852552
3.852552
3.852217
3.852217
3.852589
3.852589
3.852589
3.852589
3.852254
3.852254
3.852254
3.852272
3.852272
3.852644
3.852644
3.852644
3.852644
3.852309
3.852309
3.852681
3.852681
3.852681
3.852681
3.852681
3.851641
3.851641
3.852012
3.852012
3.852012
3.852012
3.851679
3.851679
3.851679
3.851345
3.851345
3.851345
3.851345
3.851013
3.851013
3.851383
3.851383
3.851383
3.851383
3.851051
3.851051
3.851051
3.851070
3.851070
3.851070
3.850738
3.850738
3.850738
3.851108
3.851108
3.851108
3.850777
3.850777
3.850777
3.851146
3.851146
3.851146
3.850815
3.850815
3.850815
3.850834
3.850834
3.850834
3.850834
3.850504
3.850504
3.850872
3.850872
3.850872
3.850891
3.850891
3.850891
3.850891
3.850561
3.850561
3.850929
3.850929
3.850929
3.850929
3.850600
3.850600
3.850600
3.850600
3.849922
3.849922
3.849922
3.849922
3.849245
3.849245
3.849245
3.849245
3.848222
3.848222
3.848222
3.848222
3.847548
3.847548
3.847548
3.847916
3.847916
3.847916
3.847916
3.846895
3.846895
3.846895
3.847263
3.847263
3.847263
3.847284
3.847284
3.847284
3.846959
3.846959
3.846959
3.847326
3.847326
3.847326
3.847001
3.847001
3.847001
3.847367
3.847367
3.847367
3.847043
3.847043
3.847043
3.847064
3.847064
3.847064
3.847064
3.846739
3.846739
3.847105
3.847105
3.847105
3.847105
3.846781
3.846781
3.846781
3.846802
3.846802
3.846802
3.846823
3.846823
3.846823
3.846844
3.846844
3.846844
3.846521
3.846521
3.846521
3.846886
3.846886
3.846886
3.846907
3.846907
3.847272
3.847272
3.847272
3.847292
3.847292
3.847999
3.847999
3.847999
3.848363
3.848363
3.848726
3.848726
3.848726
3.849089
3.849089
3.849089
3.849108
3.849108
3.849108
3.849128
3.849128
3.849128
3.849148
3.849148
3.849509
3.849509
3.849509
3.849529
3.849529
3.849529
3.849529
3.849206
3.849206
3.849568
3.849568
3.849568
3.849568
3.849245
3.849245
3.849245
3.849265
3.849265
3.849265
3.848943
3.848943
3.848943
3.849304
3.849304
3.849304
3.849323
3.849323
3.849683
3.849683
3.850384
3.850384
3.850384
3.850402
3.850402
3.851102
3.851102
3.851102
3.851461
3.851461
3.852159
3.852159
3.852159
3.852177
3.852177
3.852874
3.852874
3.852874
3.852892
3.852892
3.853589
3.853589
3.854285
3.854285
3.854981
3.854981
3.855676
3.855676
3.856371
3.856371
3.857065
3.857065
3.857759
3.857759
3.857759
3.857774
3.857774
3.858466
3.858466
3.859159
3.859159
3.859851
3.859851
3.860542
3.860542
3.860894
3.860894
3.861585
3.861585
3.862275
3.862275
3.862965
3.862965
3.863654
3.863654
3.864342
3.864342
3.864342
3.864354
3.864354
3.865041
3.865041
3.865041
3.865391
3.865391
3.866077
3.866077
3.866077
3.866088
3.866088
3.866774
3.866774
3.866774
3.866784
3.866784
3.867131
3.867131
3.867816
3.867816
3.867816
3.867816
3.867488
3.867488
3.868172
3.868172
3.868172
3.868182
3.868182
3.868528
3.868528
3.869210
3.869210
3.869210
3.869219
3.869219
3.869219
3.869564
3.869564
3.869564
3.869573
3.869573
3.869573
3.869245
3.869245
3.869245
3.869590
3.869590
3.869590
3.869599
3.869599
3.869599
3.869271
3.869271
3.869271
3.869615
3.869615
3.869615
3.869289
3.869289
3.869289
3.869632
3.869632
3.869632
3.869306
3.869306
3.869306
3.869314
3.869314
3.869314
3.869314
3.868989
3.868989
3.869332
3.869332
3.869332
3.869332
3.869006
3.869006
3.869006
3.869015
3.869015
3.869015
3.869024
3.869024
3.869024
3.869032
3.869032
3.869032
3.868708
3.868708
3.868708
3.869050
3.869050
3.869050
3.869058
3.869058
3.869058
3.868734
3.868734
3.868734
3.869076
3.869076
3.869076
3.868752
3.868752
3.868752
3.868761
3.868761
3.868761
3.868770
3.868770
3.868770
3.868778
3.868778
3.868778
3.868778
3.868455
3.868455
3.868796
3.868796
3.868796
3.868796
3.868473
3.868473
3.868473
3.868482
3.868482
3.868482
3.868160
3.868160
3.868160
3.868169
3.868169
3.868169
3.868178
3.868178
3.868178
3.868178
3.867857
3.867857
3.867857
3.867857
3.867205
3.867205
3.867205
3.867205
3.866555
3.866555
3.866555
3.866555
3.865575
3.865575
3.865575
3.865575
3.864927
3.864927
3.864927
3.864927
3.864927
3.864927
3.863292
3.863292
3.863292
3.863292
3.862317
3.862317
3.862317
3.862317
3.862317
3.861016
3.861016
3.861016
3.861016
3.861016
3.861016
3.859389
3.859389
3.859389
3.859389
3.859389
3.858093
3.858093
3.858093
3.858093
3.858093
3.856471
3.856471
3.856471
3.856471
3.856471
3.855506
3.855506
3.855506
3.855506
3.855506
3.854216
3.854216
3.854216
3.854216
3.854216
3.852603
3.852603
3.852603
3.852603
3.852603
3.851318
3.851318
3.851318
3.851318
3.851318
3.851318
3.849710
3.849710
3.849710
3.849710
3.848754
3.848754
3.848754
3.848754
3.848754
3.847475
3.847475
3.847475
3.847475
3.847475
3.847475
3.845875
3.845875
3.845875
3.845875
3.845875
3.845875
3.845875
3.843307
3.843307
3.843307
3.843307
3.843307
3.841714
3.841714
3.841714
3.841714
3.841714
3.840769
3.840769
3.840769
3.840769
3.840769
3.839181
3.839181
3.839181
3.839181
3.839181
3.837917
3.837917
3.837917
3.837917
3.837917
3.837917
3.836013
3.836013
3.836013
3.836013
3.836013
3.836013
3.834434
3.834434
3.834434
3.834434
3.834434
3.834434
3.834434
3.831576
3.831576
3.831576
3.831576
3.831576
3.831576
3.831576
3.829365
3.829365
3.829365
3.829365
3.829365
3.829365
3.827478
3.827478
3.827478
3.827478
3.827478
3.827478
3.827478
3.824957
3.824957
3.824957
3.824957
3.824957
3.824957
3.824957
3.822442
3.822442
3.822442
3.822442
3.822442
3.822442
3.822442
3.822442
3.819299
3.819299
3.819299
3.819299
3.819299
3.819299
3.819299
3.819299
3.819299
3.815214
3.815214
3.815214
3.815214
3.815214
3.815214
3.815214
3.812721
3.812721
3.812721
3.812757
3.812757
3.812757
3.812757
3.812162
3.812162
3.812162
3.812162
3.812162
3.811253
3.811253
3.811253
3.811253
3.811253
3.810031
3.810031
3.810031
3.810031
3.810031
3.810031
3.807867
3.807867
3.807867
3.807867
3.807867
3.807867
3.807867
3.807867
3.805081
3.805081
3.805081
3.805081
3.805081
3.805081
3.805081
3.805081
3.805081
3.801363
3.801363
3.801363
3.801363
3.801363
3.801363
3.801363
3.801363
3.797968
3.797968
3.797968
3.797968
3.797968
3.797968
3.796141
3.796141
3.796141
3.796141
3.796141
3.796141
3.796141
3.796141
3.796141
3.792761
3.792761
3.792761
3.792761
3.792761
3.792761
3.792761
3.792761
3.792761
3.792761
3.792761
3.792761
3.792761
3.786291
3.786291
3.786291
3.786291
3.786291
3.786291
3.786291
3.786291
3.786291
3.786291
3.786291
3.786291
3.786291
3.786291
3.779540
3.779540
3.779540
3.779540
3.779540
3.779540
3.779540
3.779540
3.779540
3.775896
3.775896
3.775896
3.775896
3.775896
3.775896
3.775896
3.775896
3.775896
3.772262
3.772262
3.772262
3.772262
3.772262
3.772262
3.772262
3.772262
3.772262
3.772262
3.768026
3.768026
3.768026
3.768026
3.768026
3.768026
3.768026
3.768026
3.768026
3.764720
3.764720
3.764720
3.764720
3.764720
3.764720
3.764720
3.764720
3.764720
3.764720
3.764720
3.759900
3.759900
3.759900
3.759900
3.759900
3.759900
3.759900
3.759900
3.759900
3.759900
3.759900
3.759900
3.754187
3.754187
3.754187
3.754187
3.754187
3.754187
3.754187
3.754187
3.754187
3.754187
3.754187
3.754187
3.748799
3.748799
3.748799
3.748799
3.748799
3.748799
3.748799
3.748799
3.748799
3.748799
3.748799
3.748799
3.748799
3.748799
3.742227
3.742227
3.742227
3.742227
3.742227
3.742227
3.742227
3.742227
3.742227
3.742227
3.742227
3.742227
3.742227
3.742227
3.742227
3.742227
3.742227
3.742227
3.742227
3.742227
3.742227
3.742227
3.742227
3.730591
3.730591
3.730591
3.730591
3.730591
3.730591
3.730591
3.730591
3.730591
3.730591
3.730591
3.730591
3.730591
3.730591
3.730591
3.730591
3.722608
3.722608
3.722608
3.722608
3.722608
3.722608
3.722608
3.722608
3.720009
3.720009
3.720009
3.720009
3.720009
3.720009
3.720009
3.717417
3.717417
3.717417
3.717417
3.717417
3.716608
3.716608
3.716608
3.716608
3.716608
3.716608
3.714913
3.714913
3.714913
3.714913
3.714913
3.714913
3.714913
3.714913
3.714913
3.711153
3.711153
3.711153
3.711153
3.711153
3.710351
3.710351
3.710351
3.710140
3.710140
3.710140
3.710140
3.710140
3.709046
3.709046
3.709046
3.709046
3.709046
3.709046
3.707659
3.707659
3.707659
3.707659
3.707659
3.707659
3.705981
3.705981
3.705981
3.705981
3.705981
3.704893
3.704893
3.704893
3.704893
3.704893
3.703806
3.703806
3.703806
3.703806
3.703806
3.702429
3.702429
3.702429
3.702429
3.702429
3.702429
3.702429
3.700469
3.700469
3.700469
3.700469
3.700469
3.700469
3.700469
3.700469
3.700469
3.700469
3.700469
3.700469
3.700469
3.700469
3.693852
3.693852
3.693852
3.693852
3.693852
3.693852
3.693852
3.693852
3.693852
3.693852
3.693852
3.693852
3.693852
3.693852
3.693852
3.693852
3.693852
3.686106
3.686106
3.686106
3.686106
3.686106
3.686106
3.686106
3.686106
3.686106
3.686106
3.686106
3.681573
3.681573
3.681573
3.681573
3.681573
3.681573
3.681573
3.681573
3.678785
3.678785
3.678785
3.678785
3.678785
3.678785
3.678785
3.678785
3.675716
3.675716
3.675716
3.675716
3.675716
3.675716
3.675716
3.675716
3.673230
3.673230
3.673230
3.673230
3.673230
3.673230
3.671609
3.671609
3.671609
3.671609
3.671609
3.671609
3.671609
3.669418
3.669418
3.669418
3.669418
3.669418
3.668090
3.668090
3.668090
3.668090
3.668090
3.668090
3.666764
3.666764
3.666764
3.666764
3.666764
3.665440
3.665440
3.665440
3.665440
3.665440
3.665440
3.664118
3.664118
3.664118
3.664118
3.664118
3.664118
3.662514
3.662514
3.662514
3.662514
3.662514
3.662514
3.662514
3.660062
3.660062
3.660062
3.660062
3.660062
3.660062
3.660062
3.658182
3.658182
3.658182
3.658182
3.657438
3.657438
3.657438
3.657438
3.657438
3.656695
3.656695
3.656695
3.656695
3.655953
3.655953
3.655953
3.655953
3.655953
3.655212
3.655212
3.655212
3.655212
3.654754
3.654754
3.655144
3.655144
3.655144
3.655144
3.654686
3.654686
3.654686
3.655075
3.655075
3.655075
3.655182
3.655182
3.655570
3.655570
3.655570
3.655677
3.655677
3.655677
3.656064
3.656064
3.656064
3.656171
3.656171
3.656558
3.656558
3.656558
3.656664
3.656664
3.656664
3.657050
3.657050
3.657050
3.657156
3.657156
3.657823
3.657823
3.657823
3.657647
3.657647
3.658313
3.658313
3.658313
3.658313
3.658138
3.658138
3.658803
3.658803
3.658803
3.658627
3.658627
3.659292
3.659292
3.659292
3.659292
3.658836
3.658836
3.659500
3.659500
3.659500
3.659500
3.659324
3.659324
3.659988
3.659988
3.659988
3.659812
3.659812
3.660475
3.660475
3.660475
3.660475
3.660298
3.660298
3.660298
3.660402
3.660402
3.660402
3.660505
3.660505
3.660505
3.660329
3.660329
3.660329
3.660432
3.660432
3.660432
3.660432
3.659978
3.659978
3.659978
3.660081
3.660081
3.660081
3.660081
3.659905
3.659905
3.659905
3.659905
3.659452
3.659452
3.659833
3.659833
3.659833
3.659833
3.659658
3.659658
3.660317
3.660317
3.660317
3.660142
3.660142
3.660801
3.660801
3.660801
3.660801
3.660625
3.660625
3.660625
3.660728
3.660728
3.660728
3.660830
3.660830
3.660830
3.660655
3.660655
3.660655
3.661035
3.661035
3.661035
3.661137
3.661137
3.661516
3.661516
3.661516
3.661618
3.661618
3.661618
3.661996
3.661996
3.661996
3.661821
3.661821
3.661821
3.662199
3.662199
3.662199
3.662300
3.662300
3.662678
3.662678
3.662678
3.662779
3.662779
3.662779
3.663156
3.663156
3.663156
3.663257
3.663257
3.663633
3.663633
3.663633
3.663734
3.663734
3.663734
3.664110
3.664110
3.664110
3.664210
3.664210
3.664585
3.664585
3.664585
3.664685
3.664685
3.664685
3.665060
3.665060
3.665060
3.665160
3.665160
3.665810
3.665810
3.665810
3.665634
3.665634
3.665634
3.665733
3.665733
3.665733
3.665733
3.665282
3.665282
3.665282
3.665282
3.664832
3.664832
3.664832
3.664932
3.664932
3.664932
3.664932
3.664482
3.664482
3.664482
3.664482
3.664307
3.664307
3.664307
3.664133
3.664133
3.664133
3.664133
3.663958
3.663958
3.663958
3.663958
3.663511
3.663511
3.663511
3.663610
3.663610
3.663610
3.663610
3.663163
3.663163
3.663163
3.663163
3.662717
3.662717
3.662717
3.662816
3.662816
3.662816
3.662816
3.662370
3.662370
3.662370
3.662370
3.661925
3.661925
3.662298
3.662298
3.662298
3.662298
3.661853
3.661853
3.661853
3.661853
3.661680
3.661680
3.661680
3.661508
3.661508
3.661508
3.661508
3.661065
3.661065
3.661065
3.661065
3.660893
3.660893
3.660893
3.660722
3.660722
3.660722
3.660722
3.660550
3.660550
3.660550
3.660651
3.660651
3.660651
3.660651
3.660209
3.660209
3.660209
3.660209
3.659767
3.659767
3.659767
3.659867
3.659867
3.659867
3.659867
3.659426
3.659426
3.659426
3.659426
3.658986
3.658986
3.658986
3.658986
3.658986
3.658006
3.658006
3.658006
3.657837
3.657837
3.657837
3.657837
3.657837
3.657129
3.657129
3.657129
3.657129
3.657129
3.656152
3.656152
3.656152
3.656152
3.655715
3.655715
3.655715
3.655817
3.655817
3.655817
3.655817
3.655111
3.655111
3.655111
3.655111
3.655111
3.655111
3.653870
3.653870
3.653870
3.653870
3.653167
3.653167
3.653167
3.653167
3.653167
3.652197
3.652197
3.652197
3.652197
3.652197
3.651496
3.651496
3.651496
3.651496
3.651496
3.651496
3.649993
3.649993
3.649993
3.649993
3.649993
3.648760
3.648760
3.648760
3.648760
3.648760
3.647796
3.647796
3.647796
3.647796
3.647796
3.647796
3.646301
3.646301
3.646301
3.646301
3.646301
3.646301
3.645074
3.645074
3.645074
3.645074
3.645074
3.644115
3.644115
3.644115
3.644115
3.644115
3.642892
3.642892
3.642892
3.642892
3.642892
3.642892
3.642892
3.640874
3.640874
3.640874
3.640874
3.640874
3.640874
3.640874
3.640874
3.640874
3.640874
3.637537
3.637537
3.637537
3.637537
3.637537
3.636323
3.636323
3.636323
3.636323
3.636323
3.636323
3.634847
3.634847
3.634847
3.634847
3.634847
3.634847
3.634847
3.634847
3.632582
3.632582
3.632582
3.632582
3.632582
3.632582
3.632582
3.632582
3.629796
3.629796
3.629796
3.629796
3.629796
3.629796
3.628330
3.628330
3.628330
3.628330
3.628330
3.628330
3.628330
3.626605
3.626605
3.626605
3.626605
3.626605
3.625406
3.625406
3.625406
3.625406
3.625406
3.625406
3.624210
3.624210
3.624210
3.624210
3.623538
3.623538
3.623538
3.623538
3.623538
3.623538
3.622345
3.622345
3.622345
3.622345
3.622345
3.621415
3.621415
3.621415
3.621529
3.621529
3.621529
3.621643
3.621643
3.621643
3.621758
3.621758
3.621758
3.621872
3.621872
3.622246
3.622246
3.622246
3.622360
3.622360
3.623255
3.623255
3.623255
3.623368
3.624262
3.624262
3.624895
3.624895
3.624895
3.625268
3.625268
3.625268
3.625380
3.625380
3.625380
3.625232
3.625232
3.625232
3.625232
3.624824
3.624824
3.624824
3.625196
3.625196
3.625196
3.625308
3.625308
3.625680
3.625680
3.625680
3.625680
3.625532
3.625532
3.625532
3.625532
3.625532
3.624607
3.624607
3.624978
3.624978
3.624978
3.624978
3.624978
3.624313
3.624313
3.624313
3.624313
3.623649
3.623649
3.623649
3.624020
3.624020
3.624020
3.624020
3.624020
3.623098
3.623098
3.623098
3.622952
3.622952
3.622952
3.623323
3.623323
3.623323
3.623323
3.623323
3.622403
3.622403
3.622403
3.622258
3.622258
3.622258
3.622258
3.622258
3.621340
3.621340
3.621340
3.621452
3.621452
3.621452
3.621452
3.621051
3.621051
3.621051
3.621051
3.621051
3.620392
3.620392
3.620762
3.620762
3.620762
3.620762
3.620762
3.619848
3.619848
3.619848
3.619848
3.619848
3.619191
3.619191
3.619191
3.619191
3.618792
3.618792
3.618792
3.618905
3.618905
3.618905
3.618905
3.618905
3.617994
3.617994
3.617994
3.617852
3.617852
3.617852
3.617852
3.617852
3.616943
3.616943
3.616943
3.616943
3.616943
3.616943
3.615780
3.615780
3.615780
3.615894
3.615894
3.615894
3.615894
3.615894
3.614733
3.614733
3.614733
3.614733
3.614733
3.613829
3.613829
3.613829
3.613829
3.613829
3.613180
3.613180
3.613180
3.613180
3.612787
3.612787
3.612787
3.612902
3.612902
3.612902
3.612902
3.612509
3.612509
3.612509
3.612509
3.611863
3.611863
3.611863
3.612232
3.612232
3.612232
3.612232
3.612232
3.611333
3.611333
3.611333
3.611333
3.610688
3.610688
3.610688
3.610688
3.610297
3.610297
3.610297
3.610413
3.610413
3.610413
3.610413
3.610023
3.610023
3.610023
3.610023
3.609634
3.609634
3.609634
3.610002
3.610002
3.610002
3.609866
3.609866
3.609866
3.609866
3.609866
3.608972
3.608972
3.608972
3.609088
3.609088
3.609088
3.609088
3.608700
3.608700
3.608700
3.608700
3.608700
3.608060
3.608060
3.608428
3.608428
3.608428
3.608428
3.608041
3.608041
3.608041
3.608041
3.607654
3.607654
3.607654
3.608022
3.608022
3.608022
3.608022
3.607384
3.607384
3.607384
3.607384
3.606999
3.606999
3.606999
3.607115
3.607115
3.607115
3.607115
3.606730
3.606730
3.606730
3.606730
3.606730
3.606730
3.605593
3.605593
3.605593
3.605593
3.604959
3.604959
3.604959
3.605326
3.605326
3.605326
3.605326
3.605326
3.604193
3.604193
3.604193
3.604193
3.603810
3.603810
3.603810
3.603810
3.603810
3.603179
3.603179
3.603546
3.603546
3.603546
3.603546
3.603546
3.603546
3.602416
3.602416
3.602416
3.602416
3.602036
3.602036
3.602036
3.602036
3.601406
3.601406
3.601406
3.601773
3.601773
3.601773
3.601773
3.601394
3.601394
3.601394
3.601394
3.600766
3.600766
3.600766
3.601132
3.601132
3.601132
3.601132
3.600753
3.600753
3.600753
3.600753
3.600375
3.600375
3.600741
3.600741
3.600741
3.600741
3.600611
3.600611
3.600977
3.600977
3.600977
3.600977
3.600599
3.600599
3.600599
3.600599
3.600599
3.599974
3.599974
3.600339
3.600339
3.600339
3.600339
3.599962
3.599962
3.599962
3.599962
3.599586
3.599586
3.599586
3.599951
3.599951
3.599951
3.599822
3.599822
3.599822
3.599822
3.599822
3.598952
3.598952
3.598952
3.599317
3.599317
3.599317
3.599317
3.598695
3.598695
3.598695
3.598695
3.598695
3.598074
3.598074
3.598074
3.598074
3.598074
3.597208
3.597208
3.597208
3.597326
3.597326
3.597326
3.597326
3.597326
3.596216
3.596216
3.596216
3.596216
3.596216
3.595353
3.595353
3.595353
3.595353
3.595353
3.595353
3.594245
3.594245
3.594245
3.594245
3.593630
3.593630
3.593630
3.593630
3.593630
3.593015
3.593015
3.593015
3.593015
3.593015
3.592156
3.592156
3.592156
3.592276
3.592276
3.592276
3.592276
3.592276
3.592276
3.592276
3.592276
3.589954
3.589954
3.589954
3.590074
3.590074
3.590074
3.590074
3.590074
3.588976
3.588976
3.588976
3.588976
3.588976
3.588123
3.588123
3.588123
3.588123
3.588123
3.587514
3.587514
3.587514
3.587514
3.586906
3.586906
3.586906
3.587270
3.587270
3.587270
3.587270
3.587270
3.586420
3.586420
3.586420
3.586542
3.586542
3.586542
3.586663
3.586663
3.586663
3.586663
3.586663
3.585815
3.585815
3.585815
3.585815
3.585815
3.584725
3.584725
3.584725
3.584725
3.584725
3.584121
3.584121
3.584121
3.584121
3.584121
3.583034
3.583034
3.583034
3.583034
3.583034
3.583034
3.581949
3.581949
3.581949
3.581949
3.581590
3.581590
3.581590
3.581590
3.581590
3.580507
3.580507
3.580507
3.580507
3.580389
3.580389
3.580389
3.580389
3.580031
3.580031
3.580031
3.580031
3.579673
3.579673
3.579673
3.579673
3.579315
3.579315
3.579315
3.579199
3.579199
3.579199
3.579199
3.579082
3.579082
3.579082
3.579205
3.579205
3.579205
3.579205
3.578609
3.578609
3.578609
3.578609
3.578609
3.578013
3.578013
3.578013
3.578013
3.577418
3.577418
3.577418
3.577418
3.577418
3.577418
3.576344
3.576344
3.576344
3.576344
3.575990
3.575990
3.575990
3.575990
3.575636
3.575636
3.575636
3.575636
3.575283
3.575283
3.575283
3.575283
3.574930
3.574930
3.574930
3.575054
3.575054
3.575054
3.575054
3.575054
3.574225
3.574225
3.574225
3.574111
3.574111
3.574111
3.574474
3.574474
3.574474
3.574599
3.574599
3.574961
3.574961
3.574961
3.574961
3.574847
3.574847
3.575448
3.575448
3.575448
3.575448
3.575448
3.574620
3.574620
3.574620
3.574744
3.574744
3.575106
3.575106
3.575106
3.575230
3.575230
3.575230
3.575230
3.575230
3.575230
3.574167
3.574167
3.574167
3.574291
3.574291
3.574291
3.574291
3.574291
3.574291
3.574291
3.574291
3.572045
3.572045
3.572045
3.572045
3.572045
3.572045
3.570750
3.570750
3.570750
3.570750
3.570750
3.569930
3.569930
3.569930
3.569930
3.569347
3.569347
3.569347
3.569347
3.569237
3.569237
3.569237
3.569126
3.569126
3.569126
3.569252
3.569252
3.569252
3.569252
3.568906
3.568906
3.568906
3.568906
3.568560
3.568560
3.568560
3.568686
3.568686
3.568686
3.568686
3.568686
3.567870
3.567870
3.567870
3.567870
3.567526
3.567526
3.567526
3.567526
3.567182
3.567182
3.567182
3.567182
3.567073
3.567073
3.567073
3.567073
3.566729
3.566729
3.566729
3.566729
3.566152
3.566152
3.566152
3.566152
3.566152
3.565575
3.565575
3.565575
3.565467
3.565467
3.565467
3.565467
3.565467
3.564657
3.564657
3.564657
3.564657
3.564657
3.564657
3.563380
3.563380
3.563380
3.563380
3.563380
3.563380
3.563380
3.563380
3.561405
3.561405
3.561405
3.561405
3.561405
3.561405
3.561405
3.561405
3.559201
3.559201
3.559201
3.559201
3.559201
3.559201
3.559201
3.559201
3.559201
3.559201
3.556072
3.556072
3.556072
3.556072
3.556072
3.556072
3.556072
3.554343
3.554343
3.554343
3.554343
3.554343
3.554343
3.554343
3.554343
3.551922
3.551922
3.551922
3.551922
3.551922
3.551922
3.551922
3.551922
3.549738
3.549738
3.549738
3.549738
3.549738
3.549738
3.549738
3.549738
3.549738
3.547327
3.547327
3.547327
3.547327
3.547327
3.547327
3.545844
3.545844
3.545844
3.545844
3.545844
3.545844
3.545844
3.544133
3.544133
3.544133
3.544133
3.544133
3.544133
3.543115
3.543115
3.543115
3.543115
3.543115
3.543115
3.543115
3.543115
3.540950
3.540950
3.540950
3.540950
3.540950
3.540950
3.539707
3.539707
3.539707
3.539707
3.539707
3.539707
3.538237
3.538237
3.538237
3.538237
3.538237
3.538237
3.538237
3.536769
3.536769
3.536769
3.536769
3.536769
3.536769
3.535532
3.535532
3.535532
3.535532
3.535532
3.534754
3.534754
3.534754
3.534754
3.534754
3.533749
3.533749
3.533749
3.533749
3.533749
3.533749
3.532745
3.532745
3.532745
3.532745
3.532745
3.532745
3.531515
3.531515
3.531515
3.531515
3.531515
3.531515
3.531515
3.531515
3.529377
3.529377
3.529377
3.529377
3.529377
3.529377
3.528152
3.528152
3.528152
3.528152
3.528152
3.528152
3.526701
3.526701
3.526701
3.526701
3.526701
3.526701
3.526701
3.525254
3.525254
3.525254
3.525254
3.525254
3.525254
3.524034
3.524034
3.524034
3.524034
3.524034
3.523043
3.523043
3.523043
3.523043
3.523043
3.523043
3.522053
3.522053
3.522053
3.522053
3.522053
3.521291
3.521291
3.521291
3.521291
3.521291
3.521291
3.520078
3.520078
3.520078
3.520078
3.520078
3.519092
3.519092
3.519092
3.519092
3.519092
3.519092
3.519092
3.519092
3.516984
3.516984
3.516984
3.516984
3.516984
3.516984
3.516002
3.516002
3.516002
3.516002
3.516002
3.515021
3.515021
3.515021
3.515021
3.515021
3.515021
3.513818
3.513818
3.513818
3.513818
3.513818
3.513818
3.512841
3.512841
3.512841
3.512841
3.512841
3.511865
3.511865
3.511865
3.511865
3.511865
3.511113
3.511113
3.511113
3.511113
3.511113
3.511113
3.510140
3.510140
3.510506
3.510506
3.510506
3.510506
3.510506
3.509980
3.509980
3.509980
3.509980
3.509455
3.509455
3.509455
3.509455
3.509455
3.508707
3.508707
3.508707
3.508707
3.508707
3.508707
3.507738
3.507738
3.508104
3.508104
3.508104
3.508104
3.508104
3.507581
3.507581
3.507581
3.507581
3.507581
3.506614
3.506614
3.506614
3.506614
3.506614
3.506092
3.506092
3.506458
3.506458
3.506458
3.506458
3.506458
3.505715
3.505715
3.505715
3.505715
3.505715
3.505715
3.504752
3.504752
3.504752
3.504675
3.504675
3.504675
3.504675
3.504675
3.503935
3.503935
3.503935
3.503935
3.503935
3.503935
3.502974
3.502974
3.503340
3.503340
3.503340
3.503340
3.503340
3.502822
3.502822
3.502822
3.502822
3.502526
3.502526
3.502526
3.502671
3.502671
3.502671
3.502671
3.502374
3.502374
3.502374
3.502374
3.501858
3.501858
3.501858
3.502223
3.502223
3.502223
3.502223
3.502223
3.501488
3.501488
3.501488
3.501413
3.501413
3.501413
3.501413
3.501413
3.500678
3.500678
3.500678
3.500678
3.500678
3.500678
3.499725
3.499725
3.499725
3.499871
3.499871
3.499871
3.499871
3.499871
3.499139
3.499139
3.499139
3.499139
3.499139
3.498188
3.498188
3.498188
3.498188
3.498188
3.497677
3.497677
3.497677
3.497677
3.497167
3.497167
3.497167
3.497167
3.497167
3.496438
3.496438
3.496438
3.496584
3.496584
3.496584
3.496584
3.496584
3.496584
3.495638
3.495638
3.495638
3.495638
3.495638
3.494912
3.494912
3.494912
3.494912
3.494404
3.494404
3.494404
3.494404
3.494115
3.494115
3.494115
3.494261
3.494261
3.494261
3.494261
3.494261
3.493537
3.493537
3.493537
3.493537
3.493537
3.493031
3.493031
3.493031
3.493031
3.492526
3.492526
3.492526
3.492526
3.492526
3.491804
3.491804
3.491804
3.491804
3.491804
3.491804
3.490867
3.490867
3.490867
3.491014
3.491014
3.491014
3.491014
3.491014
3.490078
3.490078
3.490078
3.490078
3.490078
3.489359
3.489359
3.489359
3.489359
3.489359
3.488858
3.488858
3.488858
3.488858
3.488357
3.488357
3.488357
3.488721
3.488721
3.488721
3.488721
3.488721
3.488004
3.488004
3.488004
3.487936
3.487936
3.487936
3.487936
3.487936
3.487221
3.487221
3.487221
3.487585
3.487585
3.487585
3.487585
3.487086
3.487086
3.487086
3.487086
3.486803
3.486803
3.486803
3.486803
3.486803
3.486803
3.485875
3.485875
3.486238
3.486238
3.486238
3.486238
3.486238
3.485741
3.485741
3.485741
3.485741
3.485741
3.484815
3.484815
3.484815
3.484815
3.484815
3.484320
3.484320
3.484320
3.484320
3.484320
3.483396
3.483396
3.483396
3.483396
3.483396
3.482688
3.482688
3.482688
3.482688
3.482688
3.482688
3.481766
3.481766
3.481766
3.481915
3.481915
3.481915
3.481915
3.481915
3.480995
3.480995
3.480995
3.480995
3.480995
3.480290
3.480290
3.480290
3.480290
3.480290
3.479799
3.479799
3.479799
3.479799
3.479799
3.478882
3.478882
3.478882
3.478882
3.478882
3.478393
3.478393
3.478393
3.478393
3.478393
3.477478
3.477478
3.477478
3.477478
3.477478
3.476777
3.476777
3.476777
3.476777
3.476777
3.476777
3.475864
3.475864
3.475864
3.476015
3.476015
3.476015
3.476015
3.476015
3.475104
3.475104
3.475104
3.475104
3.475104
3.474406
3.474406
3.474406
3.474406
3.474406
3.474406
3.473497
3.473497
3.473497
3.473497
3.473013
3.473013
3.473013
3.473013
3.473013
3.473013
3.472106
3.472106
3.472106
3.472106
3.471623
3.471623
3.471623
3.471623
3.471623
3.471623
3.470718
3.470718
3.470718
3.470718
3.470718
3.470026
3.470026
3.470026
3.470177
3.470177
3.470177
3.470177
3.470177
3.469275
3.469275
3.469275
3.469275
3.469275
3.468584
3.468584
3.468584
3.468584
3.468584
3.468584
3.467684
3.467684
3.467684
3.467684
3.467206
3.467206
3.467206
3.467206
3.467206
3.467206
3.466308
3.466308
3.466308
3.466308
3.465831
3.465831
3.465831
3.465831
3.465831
3.465144
3.465144
3.465144
3.465144
3.465144
3.465144
3.464249
3.464249
3.464249
3.464402
3.464402
3.464402
3.464402
3.464402
3.463508
3.463508
3.463508
3.463508
3.463508
3.462825
3.462825
3.462825
3.462825
3.462825
3.462351
3.462351
3.462351
3.462351
3.461878
3.461878
3.461878
3.462240
3.462240
3.462240
3.462240
3.462240
3.461559
3.461559
3.461559
3.461504
3.461504
3.461504
3.461866
3.461866
3.461866
3.461866
3.461602
3.461602
3.461602
3.461602
3.461130
3.461130
3.461130
3.461492
3.461492
3.461492
3.461492
3.461229
3.461229
3.461229
3.461229
3.460758
3.460758
3.460758
3.461119
3.461119
3.461119
3.461119
3.460857
3.460857
3.460857
3.460857
3.460594
3.460594
3.460955
3.460955
3.460955
3.460955
3.460955
3.460485
3.460485
3.460485
3.460485
3.460224
3.460224
3.460224
3.460377
3.460377
3.460377
3.460377
3.460115
3.460115
3.460115
3.460115
3.459854
3.459854
3.460214
3.460214
3.460214
3.460214
3.460160
3.460160
3.460519
3.460519
3.460519
3.460519
3.460258
3.460258
3.460258
3.460258
3.459997
3.459997
3.459997
3.460357
3.460357
3.460357
3.460357
3.459889
3.459889
3.459889
3.459889
3.459629
3.459629
3.459629
3.459988
3.459988
3.459988
3.459934
3.459934
3.459934
3.460292
3.460292
3.460292
3.460292
3.460032
3.460032
3.460032
3.460032
3.459773
3.459773
3.460131
3.460131
3.460131
3.460131
3.460077
3.460077
3.460434
3.460434
3.460434
3.460434
3.460175
3.460175
3.460175
3.460175
3.459915
3.459915
3.459915
3.460067
3.460067
3.460067
3.460067
3.459808
3.459808
3.459808
3.459808
3.459549
3.459549
3.459549
3.459906
3.459906
3.459906
3.459853
3.459853
3.459853
3.460209
3.460209
3.460209
3.460209
3.459951
3.460717
3.460717
3.460717
3.460717
3.460458
3.460458
3.460458
3.460458
3.460458
3.459995
3.459995
3.460351
3.460351
3.460351
3.460351
3.460092
3.460092
3.460092
3.460092
3.459834
3.459834
3.459834
3.460190
3.460190
3.460190
3.460136
3.460136
3.460136
3.460491
3.460491
3.460846
3.460846
3.460846
3.461201
3.461201
3.461760
3.461760
3.462318
3.462318
3.462876
3.462876
3.463230
3.463230
3.463230
3.463583
3.463583
3.463583
3.463733
3.463733
3.464086
3.464086
3.464086
3.464086
3.464031
3.464031
3.464384
3.464384
3.464384
3.464384
3.464384
3.463717
3.463717
3.463717
3.463717
3.463717
3.463256
3.463256
3.463256
3.463256
3.462794
3.462794
3.462794
3.462794
3.462794
3.462130
3.462130
3.462130
3.462482
3.462482
3.462482
3.462482
3.462022
3.462022
3.462022
3.462022
3.461765
3.461765
3.461765
3.461914
3.461914
3.461914
3.461914
3.461914
3.461252
3.461252
3.461252
3.461252
3.461252
3.460793
3.460793
3.460793
3.460793
3.460335
3.460335
3.460335
3.460335
3.460335
3.460335
3.459472
3.459472
3.459472
3.459472
3.459472
3.458813
3.458813
3.458813
3.458963
3.458963
3.458963
3.458963
3.458708
3.458708
3.458708
3.458708
3.458252
3.458252
3.458252
3.458604
3.458604
3.458604
3.458604
3.458604
3.457947
3.457947
3.457947
3.457947
3.457492
3.457492
3.457492
3.457492
3.457492
3.457037
3.457037
3.457037
3.457037
3.457037
3.456180
3.456180
3.456180
3.456180
3.456180
3.455526
3.455526
3.455526
3.455526
3.455526
3.455526
3.454671
3.454671
3.454671
3.454822
3.454822
3.454822
3.454822
3.454822
3.454169
3.454169
3.454169
3.454169
3.454169
3.453317
3.453317
3.453317
3.453317
3.453317
3.452866
3.452866
3.452866
3.452866
3.452416
3.452416
3.452416
3.452416
3.452416
3.451767
3.451767
3.451767
3.452117
3.452117
3.452117
3.452117
3.451668
3.451668
3.451668
3.451668
3.451420
3.451420
3.451420
3.451570
3.451570
3.451570
3.451570
3.451570
3.450923
3.450923
3.450923
3.450923
3.450874
3.450874
3.451224
3.451224
3.451224
3.451224
3.450976
3.450976
3.450976
3.450976
3.450728
3.450728
3.450728
3.451078
3.451078
3.451078
3.451030
3.451030
3.451030
3.451379
3.451379
3.451379
3.451379
3.451379
3.450734
3.450734
3.450734
3.450685
3.450685
3.450685
3.451035
3.451035
3.451035
3.451185
3.451185
3.451534
3.451534
3.451534
3.451534
3.451286
3.451286
3.451286
3.451286
3.451039
3.451039
3.451785
3.451785
3.451785
3.451785
3.451538
3.451538
3.451886
3.451886
3.451886
3.452036
3.452036
3.452036
3.452383
3.452383
3.452383
3.452533
3.452533
3.452880
3.452880
3.452880
3.453029
3.453029
3.453029
3.453376
3.453376
3.453376
3.453327
3.453327
3.453872
3.453872
3.453872
3.453872
3.453822
3.453822
3.454169
3.454169
3.454169
3.454169
3.453922
3.453922
3.453922
3.453922
3.453675
3.453675
3.453675
3.454021
3.454021
3.454021
3.453971
3.453971
3.453971
3.454317
3.454317
3.454317
3.454317
3.454070
3.454070
3.454070
3.454070
3.453823
3.453823
3.454169
3.454169
3.454169
3.454169
3.454119
3.454119
3.454119
3.454119
3.454119
3.453479
3.453479
3.453824
3.453824
3.453824
3.453824
3.453775
3.453775
3.454119
3.454119
3.454119
3.454119
3.453873
3.453873
3.453873
3.453873
3.453628
3.453628
3.453628
3.453972
3.453972
3.453972
3.453923
3.453923
3.453923
3.454267
3.454267
3.454267
3.454267
3.454021
3.454021
3.454021
3.454021
3.453776
3.453776
3.454120
3.454120
3.454120
3.454120
3.454120
3.453678
3.453678
3.453678
3.453678
3.453237
3.453237
3.453237
3.453580
3.453580
3.453580
3.453580
3.453580
3.452944
3.452944
3.452944
3.452896
3.452896
3.452896
3.452896
3.452896
3.452260
3.452260
3.452260
3.452603
3.452603
3.452603
3.452603
3.452164
3.452164
3.452164
3.452164
3.451920
3.451920
3.451920
3.452068
3.452068
3.452068
3.452068
3.452068
3.451434
3.451434
3.451434
3.451434
3.451386
3.451386
3.451386
3.451386
3.451386
3.450754
3.450754
3.451096
3.451096
3.451096
3.451096
3.451049
3.451049
3.451049
3.451049
3.451049
3.450417
3.450417
3.450759
3.450759
3.450759
3.450759
3.450712
3.450712
3.451053
3.451053
3.451053
3.451053
3.450811
3.450811
3.450811
3.450811
3.450570
3.450570
3.450570
3.450911
3.450911
3.450911
3.450864
3.450864
3.450864
3.451205
3.451205
3.451205
3.451205
3.450963
3.450963
3.450963
3.450963
3.450722
3.450722
3.450722
3.450869
3.450869
3.450869
3.450869
3.450628
3.450628
3.450628
3.450628
3.450387
3.450387
3.450727
3.450727
3.450727
3.450727
3.450680
3.450680
3.450680
3.450680
3.450680
3.450052
3.450052
3.450052
3.450199
3.450199
3.450199
3.450199
3.450199
3.449572
3.449572
3.449572
3.449572
3.449140
3.449140
3.449140
3.449140
3.448900
3.448900
3.448900
3.449047
3.449047
3.449047
3.449047
3.448808
3.448808
3.448808
3.448808
3.448808
3.448376
3.448376
3.448715
3.448715
3.448715
3.448715
3.448715
3.448091
3.448091
3.448091
3.448091
3.448046
3.448046
3.448385
3.448385
3.448385
3.448385
3.448385
3.447762
3.447762
3.447762
3.447762
3.447716
3.447716
3.447716
3.447716
3.447716
3.447094
3.447094
3.447094
3.447241
3.447241
3.447241
3.447241
3.447241
3.446427
3.446427
3.446427
3.446427
3.446191
3.446191
3.446191
3.446191
3.446191
3.445762
3.445762
3.446101
3.446101
3.446101
3.446101
3.446101
3.445481
3.445481
3.445481
3.445481
3.445481
3.445054
3.445054
3.445054
3.445054
3.444818
3.444818
3.444818
3.444965
3.444965
3.444965
3.444965
3.444965
3.444348
3.444348
3.444348
3.444348
3.444348
3.443540
3.443540
3.443540
3.443540
3.443540
3.443114
3.443114
3.443114
3.443114
3.443114
3.442308
3.442308
3.442308
3.442308
3.442308
3.441884
3.441884
3.441884
3.441884
3.441884
3.441079
3.441079
3.441079
3.441079
3.441079
3.440466
3.440466
3.440466
3.440466
3.440466
3.440466
3.439663
3.439663
3.439663
3.439811
3.439811
3.439811
3.439811
3.439811
3.439811
3.439811
3.439811
3.438060
3.438060
3.438060
3.438060
3.438060
3.437260
3.437260
3.437260
3.437260
3.437260
3.437260
3.436461
3.436461
3.436461
3.436610
3.436610
3.436610
3.436610
3.436610
3.435812
3.435812
3.435812
3.435812
3.435812
3.435204
3.435204
3.435204
3.435204
3.435204
3.435204
3.434408
3.434408
3.434408
3.434408
3.433991
3.433991
3.433991
3.433991
3.433991
3.433991
3.433196
3.433196
3.433196
3.433196
3.432780
3.432780
3.432780
3.432780
3.432780
3.432176
3.432176
3.432176
3.432176
3.432176
3.432176
3.431384
3.431384
3.431721
3.431721
3.431721
3.431721
3.431721
3.431721
3.430930
3.430930
3.430930
3.430930
3.430516
3.430516
3.430516
3.430516
3.430516
3.430516
3.429726
3.429726
3.429726
3.429726
3.429313
3.429313
3.429313
3.429313
3.429313
3.429313
3.428525
3.428525
3.428525
3.428525
3.428525
3.427926
3.427926
3.427926
3.427926
3.427926
3.427140
3.427140
3.427140
3.427477
3.427477
3.427477
3.427477
3.427066
3.427066
3.427066
3.427216
3.427216
3.427216
3.427553
3.427553
3.427553
3.427703
3.427703
3.428040
3.428040
3.428750
3.428750
3.428750
3.428900
3.429610
3.429610
3.429610
3.429946
3.429946
3.430468
3.430468
3.430990
3.430990
3.431326
3.431326
3.431326
3.431661
3.431661
3.431661
3.431809
3.432517
3.432517
3.433038
3.433038
3.433038
3.433373
3.433373
3.433373
3.433520
3.433520
3.433854
3.433854
3.433854
3.434188
3.434188
3.434522
3.434522
3.434522
3.434669
3.434669
3.434669
3.435002
3.435002
3.435002
3.435149
3.435149
3.435149
3.435295
3.435295
3.435628
3.435628
3.435628
3.435961
3.435961
3.435961
3.436107
3.436107
3.436439
3.436439
3.436439
3.436771
3.436771
3.436771
3.436917
3.436917
3.437249
3.437249
3.437249
3.437249
3.437209
3.437209
3.437540
3.437540
3.437540
3.437540
3.437500
3.437500
3.438017
3.438017
3.438017
3.437976
3.437976
3.438493
3.438493
3.438493
3.438638
3.438638
3.438638
3.438969
3.438969
3.438969
3.439113
3.439113
3.439113
3.439258
3.439258
3.439258
3.439402
3.439402
3.439732
3.439732
3.439732
3.439877
3.439877
3.439877
3.440206
3.440206
3.440206
3.440206
3.439794
3.439794
3.439794
3.439794
3.439794
3.439383
3.439383
3.439383
3.439383
3.438972
3.438972
3.438972
3.438972
3.438972
3.438376
3.438376
3.438376
3.438376
3.438376
3.437966
3.437966
3.437966
3.437966
3.437741
3.437741
3.437741
3.437741
3.437741
3.437741
3.437741
3.437741
3.436040
3.436040
3.436040
3.436040
3.436040
3.436040
3.435078
3.435078
3.435078
3.435078
3.435078
3.435078
3.433934
3.433934
3.433934
3.433934
3.433934
3.433934
3.433934
3.432792
3.432792
3.432792
3.432792
3.432792
3.432792
3.431834
3.431834
3.431834
3.431834
3.431834
3.431062
3.431062
3.431062
3.431208
3.431208
3.431208
3.431208
3.431208
3.431208
3.430437
3.430437
3.430437
3.430437
3.430437
3.429666
3.429666
3.429666
3.429666
3.429666
3.429666
3.429666
3.428530
3.428530
3.428530
3.428530
3.428530
3.428530
3.427396
3.427396
3.427396
3.427396
3.427396
3.427396
3.426446
3.426446
3.426446
3.426446
3.426446
3.426446
3.426446
3.426446
3.424768
3.424768
3.424768
3.424768
3.424768
3.424768
3.423821
3.423821
3.423821
3.423821
3.423821
3.423240
3.423240
3.423240
3.423240
3.423240
3.423240
3.422477
3.422477
3.422477
3.422477
3.422477
3.422477
3.421533
3.421533
3.421533
3.421533
3.421533
3.420773
3.420773
3.420773
3.420773
3.420773
3.420773
3.420013
3.420013
3.420013
3.420013
3.420013
3.419254
3.419254
3.419254
3.419254
3.419254
3.419254
3.419254
3.418133
3.418133
3.418133
3.418133
3.418133
3.417376
3.417376
3.417376
3.417376
3.417376
3.416982
3.416982
3.416982
3.416982
3.416982
3.416227
3.416227
3.416227
3.416227
3.416227
3.415653
3.415653
3.415653
3.415653
3.415653
3.415653
3.414899
3.414899
3.414899
3.415048
3.415048
3.415048
3.415048
3.415048
3.414296
3.414296
3.414296
3.414296
3.414296
3.414296
3.414296
3.414296
3.412643
3.412643
3.412643
3.412643
3.412643
3.412643
3.411712
3.411712
3.411712
3.411712
3.411712
3.411712
3.411712
3.410603
3.410603
3.410603
3.410603
3.410603
3.409855
3.409855
3.409855
3.409855
3.409855
3.409855
3.409855
3.408749
3.408749
3.408749
3.408749
3.408749
3.408749
3.407824
3.407824
3.407824
3.407824
3.407824
3.407824
3.407824
3.407824
3.406183
3.406183
3.406183
3.406183
3.406183
3.406183
3.405260
3.405260
3.405260
3.405260
3.405260
3.405260
3.404160
3.404160
3.404160
3.404160
3.404160
3.404160
3.404160
3.403062
3.403062
3.403062
3.403062
3.403062
3.402322
3.402322
3.402322
3.402322
3.402322
3.402322
3.401404
3.401404
3.401404
3.401404
3.401404
3.401404
3.401404
3.401404
3.399775
3.399775
3.399775
3.399775
3.399775
3.399775
3.398860
3.398860
3.398860
3.398860
3.398860
3.398860
3.398125
3.398125
3.398125
3.398125
3.398125
3.397389
3.397389
3.397389
3.397389
3.397389
3.396833
3.396833
3.396833
3.396833
3.396833
3.396833
3.396099
3.396099
3.396099
3.396099
3.396099
3.395367
3.395367
3.395367
3.395367
3.395367
3.395367
3.394635
3.394635
3.394635
3.394635
3.394635
3.394635
3.393727
3.393727
3.393727
3.393727
3.393727
3.393174
