-0.000000
-0.000000
-0.000000
-0.000000
-0.000000
-0.000000
-0.000000
-0.000000
-0.000000
-0.000000
-0.000000
-0.000000
-0.000000
-0.000000
0.820553
0.820553
0.820553
1.357804
1.357804
1.357804
1.357804
1.651903
1.651903
1.651903
1.651903
1.849907
1.849907
1.849907
2.069067
2.069067
2.069067
2.208498
2.208498
2.208498
2.208498
2.317825
2.317825
2.475662
2.475662
2.475662
2.579684
2.811992
3.038227
3.038227
3.167038
3.167038
3.244692
3.244692
3.244692
3.319164
3.319164
3.414870
3.414870
3.414870
3.414870
3.414870
3.414870
3.414870
3.414870
3.152255
3.152255
3.152255
3.185826
3.185826
3.185826
3.219799
3.219799
3.219799
3.249112
3.249112
3.249112
3.249112
3.208335
3.208335
3.208335
3.233671
3.233671
3.617132
3.617132
3.617132
3.617132
3.617132
3.617132
3.617132
3.440594
3.440594
3.440594
3.579995
3.818809
3.818809
3.878517
3.878517
3.895179
3.895179
3.938952
3.938952
3.938952
3.938952
3.897434
3.897434
3.935791
3.935791
3.935791
3.932994
3.932994
3.967512
3.967512
3.967512
3.967512
3.967512
3.967512
3.967512
3.967512
3.967512
3.967512
3.967512
3.967512
3.664480
3.820825
3.992797
3.992797
4.040755
4.040755
4.068609
4.068609
4.097896
4.097896
4.123960
4.123960
4.150350
4.191910
4.191910
4.191910
4.200753
4.241642
4.241642
4.263755
4.263755
4.263755
4.263755
4.263755
4.209370
4.209370
4.209370
4.203683
4.240416
4.240416
4.262955
4.262955
4.262955
4.269616
4.269616
4.289103
4.289103
4.295146
4.295146
4.295146
4.295146
4.273811
4.273811
4.293224
4.293224
4.298907
4.298907
4.298907
4.298907
4.298907
4.240252
4.240252
4.258974
4.258974
4.258974
4.258974
4.258974
4.215878
4.215878
4.222205
4.222205
4.241033
4.241033
4.258610
4.258610
4.258610
4.258610
4.228677
4.228677
4.246631
4.246631
4.246631
4.246631
4.229775
4.229775
4.245628
4.245628
4.245628
4.229267
4.229267
4.256212
4.256212
4.272001
4.272001
4.272001
4.254251
4.292086
4.292086
4.292086
4.286191
4.286191
4.301710
4.301710
4.315477
4.315477
4.339908
4.339908
4.354536
4.354536
4.358096
4.358096
4.358096
4.358096
4.358096
4.321437
4.321437
4.321437
4.315609
4.315609
4.315609
4.309935
4.309935
4.314449
4.314449
4.314449
4.318204
4.318204
4.321878
4.321878
4.333958
4.333958
4.333958
4.333958
4.310369
4.310369
4.323518
4.323518
4.323518
4.323518
4.323518
4.323518
4.323518
4.323518
4.323518
4.323518
4.323518
4.323518
4.164987
4.164987
4.221601
4.296852
4.325898
4.325898
4.325898
4.320854
4.320854
4.332291
4.332291
4.343556
4.343556
4.362801
4.362801
4.373692
4.373692
4.373692
4.373692
4.373692
4.373692
4.373692
4.373692
4.373692
4.373692
4.373692
4.373692
4.373692
4.373692
4.373692
4.213245
4.324039
4.324039
4.336112
4.336112
4.336112
4.336112
4.336112
4.308174
4.308174
4.308174
4.304404
4.304404
4.315181
4.332023
4.332023
4.332023
4.332023
4.332023
4.332023
4.332023
4.332023
4.332023
4.332023
4.332023
4.332023
4.209007
4.209007
4.209007
4.205912
4.205912
4.209533
4.209533
4.209533
4.209533
4.209533
4.209533
4.209533
4.209533
4.209533
4.209533
4.209533
4.209533
4.209533
4.209533
4.209533
4.209533
4.209533
4.209533
4.209533
4.209533
3.993897
3.993897
3.993897
4.032465
4.054516
4.071305
4.071305
4.087950
4.087950
4.087950
4.086617
4.086617
4.086617
4.109098
4.109098
4.109098
4.109098
4.109098
4.109098
4.109098
4.109098
4.109098
4.046830
4.046830
4.051113
4.051113
4.051113
4.051113
4.044172
4.044172
4.077493
4.130320
4.130320
4.147558
4.162665
4.162665
4.171631
4.171631
4.171631
4.171631
4.171631
4.152324
4.152324
4.161189
4.161189
4.161189
4.159023
4.159023
4.167738
4.167738
4.176750
4.176750
4.179886
4.179886
4.188349
4.188349
4.188349
4.190994
4.190994
4.194364
4.194364
4.194364
4.196937
4.196937
4.205112
4.205112
4.213582
4.213582
4.213582
4.213582
4.200386
4.200386
4.208384
4.208384
4.211526
4.211526
4.211526
4.214265
4.214265
4.214265
4.211892
4.211892
4.214593
4.214593
4.214593
4.217261
4.217261
4.224539
4.237097
4.237097
4.244575
4.244575
4.252338
4.252338
4.252338
4.249433
4.249433
4.257085
4.257085
4.257085
4.257085
4.249652
4.261375
4.261375
4.261375
4.264003
4.264003
4.265912
4.265912
4.265912
4.268485
4.268485
4.268485
4.260492
4.260492
4.272529
4.272529
4.272529
4.272529
4.272529
4.272529
4.272529
4.272529
4.272529
4.272529
4.272529
4.272529
4.272529
4.173603
4.173603
4.173603
4.176228
4.176228
4.178507
4.178507
4.178507
4.181395
4.181395
4.181395
4.174809
4.174809
4.174809
4.177367
4.177367
4.210155
4.210155
4.210155
4.210155
4.210155
4.210155
4.210155
4.210155
4.180594
4.221267
4.237376
4.237376
4.248478
4.248478
4.248478
4.245970
4.245970
4.245970
4.239534
4.239534
4.336732
4.336732
4.336732
4.336732
4.336732
4.336732
4.336732
4.336732
4.336732
4.336732
4.336732
4.268875
4.268875
4.268875
4.266342
4.266342
4.266342
4.268559
4.268559
4.274287
4.274287
4.280557
4.280557
4.286194
4.286194
4.292080
4.292080
4.292080
4.292080
4.292080
4.292080
4.292080
4.292080
4.292080
4.292080
4.292080
4.292080
4.214118
4.214118
4.214118
4.214118
4.208394
4.208394
4.208394
4.206613
4.206613
4.208429
4.208429
4.208429
4.208429
4.208429
4.191388
4.191388
4.191388
4.193520
4.193520
4.199411
4.199411
4.199411
4.199411
4.190220
4.190220
4.190220
4.190220
4.190220
4.190220
4.190220
4.190220
4.190220
4.190220
4.190220
4.190220
4.190220
4.190220
4.190220
4.190220
4.090629
4.090629
4.094369
4.129095
4.141825
4.155532
4.155532
4.155532
4.157707
4.157707
4.157707
4.153027
4.153027
4.153027
4.155192
4.155192
4.155192
4.153577
4.153577
4.155968
4.155968
4.178862
4.214136
4.228086
4.241241
4.241241
4.243245
4.243245
4.243245
4.241222
4.241222
4.246456
4.246456
4.255150
4.264052
4.264052
4.269168
4.269168
4.269168
4.269168
4.263829
4.263829
4.268901
4.268901
4.273940
4.273940
4.273940
4.268638
4.268638
4.268638
4.268638
4.268638
4.325284
4.357455
4.357455
4.357455
4.357455
4.357455
4.357455
4.357455
4.357455
4.357455
4.357455
4.357455
4.357455
4.357455
4.357455
4.357455
4.277585
4.277585
4.282394
4.282394
4.282394
4.280559
4.280559
4.285087
4.285087
4.285087
4.283253
4.283253
4.288205
4.288205
4.288205
4.286139
4.286139
4.291044
4.291044
4.295689
4.295689
4.295689
4.293841
4.293841
4.295223
4.295223
4.299804
4.299804
4.299804
4.301155
4.301155
4.302496
4.302496
4.302496
4.303600
4.303600
4.303600
4.349748
4.394206
4.394206
4.402541
4.409923
4.409923
4.409923
4.410844
4.418164
4.418164
4.425224
4.425224
4.425224
4.425224
4.425224
4.425224
4.425224
4.425224
4.425224
4.425224
4.425224
4.425224
4.425224
4.425224
4.425224
4.425224
4.338401
4.338401
4.342826
4.342826
4.342826
4.343734
4.343734
4.347898
4.347898
4.415475
4.426686
4.426686
4.431471
4.431471
4.431471
4.431471
4.431471
4.431471
4.431471
4.431471
4.431471
4.431471
4.431471
4.431471
4.431471
4.431471
4.431471
4.431471
4.431471
4.341903
4.341903
4.345724
4.401264
4.430887
4.430887
4.430887
4.430887
4.423576
4.430108
4.430108
4.434067
4.434067
4.440759
4.440759
4.441076
4.441076
4.441076
4.453278
4.453278
4.461344
4.467907
4.467907
4.467907
4.467907
4.467907
4.467907
4.467907
4.467907
4.467907
4.467907
4.467907
4.467907
4.467907
4.410454
4.410454
4.410454
4.436558
4.490070
4.490070
4.496420
4.496420
4.499849
4.499849
4.499849
4.497488
4.503977
4.503977
4.503977
4.501614
4.510517
4.510517
4.513864
4.513864
4.513864
4.514540
4.514540
4.517655
4.517655
4.521160
4.529932
4.529932
4.533393
4.539475
4.539475
4.539475
4.539659
4.539659
4.543071
4.548888
4.548888
4.579341
4.579341
4.579341
4.579341
4.572942
4.572942
4.578850
4.584736
4.584736
4.584736
4.584736
4.576365
4.576365
4.582216
4.582216
4.582216
4.579675
4.585488
4.585488
4.585488
4.614941
4.614941
4.643427
4.643427
4.643427
4.643427
4.643427
4.643427
4.643427
4.643427
4.643427
4.643427
4.600776
4.600776
4.606633
4.606633
4.606633
4.684049
4.692503
4.692503
4.695187
4.695187
4.695187
4.695187
4.689570
4.697757
4.697757
4.711114
4.711114
4.716482
4.724589
4.724589
4.724589
4.734245
4.743276
4.743276
4.743276
4.743276
4.735007
4.735007
4.737338
4.795929
4.795929
4.795929
4.795929
4.795929
4.795929
4.795929
4.771268
4.781862
4.781862
4.781862
4.781862
4.781862
4.781862
4.781862
4.781862
4.781862
4.781862
4.781862
4.733182
4.733182
4.738123
4.743238
4.743238
4.785852
4.822376
4.826555
4.834191
4.834191
4.836409
4.843815
4.843815
4.846197
4.853568
4.853568
4.853568
4.850355
4.850355
4.855388
4.855388
4.896857
4.896857
4.933698
4.933698
4.938563
4.945930
4.945930
4.947668
4.955193
4.959802
4.959802
4.961694
4.961694
4.966275
4.973346
4.973346
4.972699
4.979736
4.987142
4.987142
4.988957
4.996138
5.003303
5.003303
5.003303
5.002199
5.009523
5.016640
5.016640
5.016640
5.016640
5.004819
5.011898
5.011898
5.016487
5.023536
5.030570
5.037399
5.044403
5.051583
5.055888
5.055888
5.055888
5.054855
5.054855
5.054855
5.051176
5.055450
5.062359
5.062359
5.066605
5.070649
5.070649
5.072416
5.072416
5.072416
5.071353
5.075364
5.082368
5.082368
5.082368
5.081286
5.085448
5.129003
5.157447
5.177250
5.184285
5.190737
5.197555
5.204170
5.210580
5.210580
5.211652
5.221267
5.236849
5.236849
5.250094
5.256602
5.256602
5.256602
5.266146
5.266146
5.265192
5.274497
5.278084
5.287364
5.302656
5.302656
5.302656
5.310278
5.310278
5.311127
5.311127
5.324001
5.324001
5.336635
5.336635
5.340082
5.346557
5.352830
5.358900
5.365147
5.380268
5.380268
5.384006
5.390014
5.396390
5.399712
5.408726
5.414685
5.421013
5.435918
5.435918
5.448110
5.453997
5.453997
5.466308
5.472159
5.472159
5.472159
5.472159
5.472159
5.472159
5.472159
5.472159
5.472159
5.438612
5.441807
5.441807
5.445180
5.451169
5.454708
5.454708
5.457862
5.464004
5.469947
5.475879
5.475879
5.475879
5.468519
5.468519
5.468519
5.463996
5.472495
5.478193
5.478193
5.478193
5.478193
5.478193
5.478193
5.478193
5.478193
5.478193
5.440487
5.440487
5.443596
5.472289
5.472289
5.490248
5.490248
5.490248
5.487028
5.487028
5.490231
5.495989
5.495989
5.504907
5.510632
5.510632
5.511223
5.511223
5.514186
5.514186
5.514186
5.514186
5.514186
5.514186
5.514186
5.514186
5.484486
5.484486
5.484939
5.490606
5.490606
5.491226
5.496872
5.496872
5.497479
5.500772
5.506207
5.506207
5.509301
5.512566
5.512566
5.515644
5.518713
5.518713
5.521774
5.521774
5.521774
5.521774
5.521774
5.521774
5.521774
5.521774
5.521774
5.521774
5.480218
5.480218
5.483122
5.483122
5.483122
5.476394
5.476394
5.476394
5.474757
5.530575
5.534794
5.540409
5.540409
5.541096
5.541096
5.544059
5.544059
5.544059
5.544059
5.544365
5.550454
5.555659
5.555659
5.556314
5.556314
5.556618
5.556618
5.557269
5.560003
5.565508
5.565508
5.568398
5.571107
5.571107
5.574155
5.574155
5.574598
5.577287
5.577287
5.580141
5.582988
5.588244
5.593492
5.593492
5.596485
5.596485
5.596886
5.596886
5.596886
5.596886
5.587498
5.592879
5.595680
5.595680
5.598475
5.601091
5.608660
5.608660
5.635951
5.641596
5.649122
5.649122
5.649428
5.652303
5.657226
5.657226
5.660085
5.660085
5.660085
5.662875
5.667936
5.672987
5.678030
5.683236
5.688091
5.688091
5.690717
5.703119
5.765721
5.765721
5.767033
5.767033
5.767033
5.767033
5.767033
5.767033
5.767033
5.767033
5.767033
5.767033
5.731217
5.735964
5.738495
5.745775
5.750668
5.755553
5.758221
5.758221
5.758337
5.758337
5.760655
5.763137
5.770353
5.772988
5.772988
5.773079
5.773079
5.773079
5.773079
5.766091
5.766091
5.766025
5.768646
5.768646
5.771092
5.773533
5.773533
5.775800
5.780741
5.785507
5.790265
5.790265
5.797245
5.802148
5.806708
5.811427
5.816307
5.816307
5.818501
5.818501
5.818684
5.823374
5.825551
5.830392
5.830392
5.832724
5.837216
5.839701
5.839701
5.842014
5.846651
5.846651
5.846623
5.846623
5.844272
5.848721
5.848721
5.848721
5.844223
5.850808
5.853417
5.858003
5.862581
5.862581
5.864674
5.869239
5.871485
5.876200
5.876200
5.878433
5.891127
5.922573
5.944333
5.944333
5.944333
5.944333
5.962177
5.962177
5.961970
5.961970
5.961970
5.965861
5.970782
5.975198
5.979608
5.986165
5.986165
5.992464
5.997178
5.997178
5.997178
6.001121
6.014474
6.018823
6.025484
6.027665
6.027665
6.027665
6.027665
6.020257
6.024580
6.029061
6.033370
6.033370
6.030752
6.035049
6.039338
6.043622
6.043622
6.043295
6.043295
6.045266
6.049366
6.049366
6.049366
6.044610
6.048862
6.048862
6.048366
6.050482
6.054552
6.054552
6.056494
6.060877
6.060877
6.060877
6.060877
6.060877
6.060877
6.060877
6.060877
6.031035
6.035083
6.047517
6.078316
6.082481
6.086801
6.093062
6.097208
6.101348
6.105481
6.109771
6.113730
6.113730
6.111041
6.117578
6.119416
6.123513
6.123513
6.123513
6.120655
6.131243
6.135316
6.135316
6.203344
6.209639
6.209639
6.209242
6.213242
6.223505
6.227487
6.227487
6.229020
6.239399
6.245476
6.255822
6.255822
6.255822
6.261090
6.261090
6.261090
6.261090
6.261090
6.261090
6.261090
6.261090
6.233569
6.243515
6.249690
6.259765
6.259765
6.259143
6.265457
6.269183
6.269183
6.268710
6.278553
6.278553
6.280323
6.284022
6.284022
6.283530
6.287379
6.291223
6.291223
6.296644
6.296644
6.295976
6.299638
6.303616
6.307267
6.311073
6.311073
6.318830
6.318830
6.326405
6.326405
6.325540
6.329474
6.335324
6.339248
6.340605
6.344519
6.344519
6.345868
6.373131
6.373131
6.373131
6.373131
6.373131
6.357829
6.363938
6.367490
6.371356
6.374898
6.378754
6.380055
6.385972
6.389812
6.393488
6.397158
6.397158
6.393982
6.400028
6.403684
6.422897
6.422897
6.422897
6.422897
6.413650
6.423288
6.426750
6.430525
6.430525
6.437741
6.437741
6.436902
6.440340
6.444090
6.447676
6.453318
6.454676
6.458406
6.458406
6.458406
6.458406
6.458406
6.458406
6.458406
6.458406
6.458406
6.458406
6.422320
6.422320
6.423699
6.424919
6.428633
6.432030
6.435578
6.435578
6.461444
6.461444
6.461444
6.461444
6.451221
6.454741
6.458256
6.513406
6.520172
6.523793
6.527252
6.528509
6.528509
6.528509
6.537904
6.537904
6.537904
6.540698
6.546789
6.550212
6.559394
6.562802
6.568244
6.568244
6.574881
6.578585
6.578585
6.578585
6.578585
6.578585
6.578585
6.578585
6.578585
6.578585
6.552459
6.552459
6.552459
6.549334
6.552712
6.556085
6.559455
6.562974
6.564015
6.564015
6.565208
6.565208
6.565208
6.560078
6.563273
6.564463
6.567804
6.571294
6.626837
6.631215
6.636829
6.640112
6.648682
6.652107
6.657390
6.657390
6.654296
6.659568
6.662821
6.666071
6.669471
6.672711
6.675948
6.679181
6.679181
6.679181
6.671594
6.674819
6.680046
6.683264
6.691845
6.695050
6.700565
6.708959
6.708959
6.709985
6.718508
6.718508
6.725008
6.725008
6.731183
6.731183
6.731183
6.728025
6.729027
6.732179
6.732179
6.733176
6.736320
6.739460
6.742443
6.745729
6.748857
6.748857
6.747534
6.756071
6.759184
6.762293
6.765398
6.770491
6.773588
6.774536
6.779769
6.780710
6.786089
6.786089
6.782586
6.787954
6.791024
6.793938
6.793938
6.792876
6.792876
6.789226
6.799754
6.805090
6.805090
6.805090
6.805090
6.805090
6.805090
6.805090
6.805090
6.805090
6.774139
6.777186
6.777964
6.823502
6.834828
6.834828
6.833426
6.833426
6.833426
6.833426
6.833426
6.833426
6.833426
6.833426
6.833426
6.804869
6.807868
6.811013
6.814005
6.816993
6.824909
6.828036
6.830858
6.833978
6.836793
6.836793
6.837654
6.840613
6.843568
6.846519
6.846519
6.843178
6.846123
6.849214
6.852003
6.854937
6.854937
6.855776
6.858853
6.859538
6.862608
6.862608
6.862608
6.862608
6.855099
6.862860
6.862860
6.862860
6.862860
6.853298
6.856205
6.856205
6.856205
6.856205
6.856205
6.856205
6.856205
6.836519
6.839276
6.840117
6.840117
6.860659
6.860659
6.860659
6.860659
6.860659
6.860659
6.844304
6.847332
6.848162
6.850891
6.850891
6.851716
6.852685
6.852685
6.852685
6.849424
6.852141
6.852141
6.852141
6.844962
6.844962
6.843611
6.846467
6.849464
6.852313
6.855014
6.855014
6.855827
6.855827
6.854758
6.876945
6.892654
6.892654
6.893432
6.894208
6.894208
6.899813
6.899813
6.900582
6.903521
6.904286
6.906929
6.906929
6.906929
6.903788
6.903788
6.903788
6.898350
6.901131
6.903909
6.906684
6.909456
6.910353
6.913119
6.915737
6.915737
6.916628
6.919384
6.921993
6.922733
6.922733
6.921465
6.924353
6.924353
6.925089
6.927827
6.928559
6.931292
6.931292
6.932020
6.934603
6.937327
6.938191
6.940908
6.943480
6.943480
6.944337
6.947046
6.947756
6.947756
6.947756
6.942491
6.945192
6.945192
6.945902
6.948455
6.948455
6.947317
6.950007
6.950711
6.953395
6.955934
6.955934
6.956631
6.959448
6.961979
6.962810
6.965477
6.965477
6.966163
6.968824
6.969366
6.969366
6.970047
6.972841
6.975349
6.976024
6.978809
6.981309
6.981309
6.982119
6.982646
6.985419
6.985419
6.985942
6.988710
6.989370
6.991991
6.991991
6.990687
6.993303
6.993303
6.993817
6.993817
6.992653
6.993167
6.995913
6.998516
7.001117
7.003575
7.006170
7.008622
7.013303
7.016028
7.018472
7.019239
7.021817
7.021817
7.020492
7.023065
7.023065
7.023065
7.019796
7.022364
7.024790
7.027491
7.029912
7.032607
7.039515
7.042063
7.044608
7.047150
7.047150
7.045809
7.050285
7.052819
7.053412
7.055941
7.058605
7.060990
7.060990
7.059640
7.062158
7.062158
7.060809
7.063322
7.063322
7.063322
7.060183
7.060766
7.060766
7.061347
7.063852
7.066216
7.068715
7.069289
7.069289
7.069289
7.071805
7.073060
7.075546
7.075546
7.076113
7.078594
7.080936
7.081634
7.084108
7.084108
7.082479
7.085085
7.087688
7.090152
7.090152
7.090152
7.090152
7.090152
7.090152
7.090152
7.090152
7.065959
7.065959
7.066392
7.097657
7.102546
7.103219
7.105656
7.108091
7.108091
7.108091
7.104826
7.107257
7.107653
7.110214
7.112637
7.114923
7.114923
7.114923
7.111798
7.114079
7.114603
7.117150
7.117150
7.117536
7.120078
7.120078
7.118710
7.121113
7.121629
7.121629
7.120263
7.120263
7.120645
7.123173
7.123552
7.126075
7.128462
7.128462
7.128836
7.129477
7.131857
7.134234
7.134234
7.132864
7.135104
7.135104
7.135738
7.137973
7.137973
7.136736
7.137101
7.137101
7.137732
7.137732
7.136232
7.138591
7.140947
7.143433
7.145651
7.148133
7.148486
7.148486
7.148486
7.145259
7.151797
7.154135
7.156602
7.158935
7.158935
7.159411
7.159411
7.157902
7.158378
7.158378
7.158985
7.159328
7.161780
7.163966
7.166282
7.168727
7.170905
7.170905
7.196015
7.221620
7.224032
7.224056
7.228583
7.230723
7.233126
7.233540
7.233540
7.232102
7.234366
7.234366
7.234646
7.236906
7.243267
7.243267
7.243267
7.240110
7.240110
7.240110
7.234987
7.235396
7.235396
7.239760
7.242136
7.246085
7.248324
7.248854
7.252796
7.255028
7.257258
7.263681
7.265904
7.269831
7.272181
7.278317
7.280528
7.288619
7.292662
7.298901
7.301228
7.303422
7.303422
7.303645
7.305835
7.305835
7.305835
7.300813
7.303000
7.305185
7.307368
7.307717
7.311595
7.317907
7.320079
7.323948
7.326115
7.328410
7.328410
7.328410
7.321300
7.329275
7.337110
7.339393
7.343371
7.343690
7.343690
7.343690
7.390665
7.398573
7.402524
7.408583
7.412659
7.414632
7.416865
7.416865
7.419097
7.423160
7.425254
7.431272
7.433359
7.433359
7.433359
7.433359
7.435680
7.439855
7.445710
7.445710
7.445710
7.445710
7.445710
7.445710
7.445710
7.445710
7.445710
7.445710
7.416754
7.418831
7.464747
7.472502
7.474549
7.474549
7.473071
7.474985
7.482847
7.486580
7.488745
7.494503
7.496662
7.498688
7.502407
7.502734
7.504755
7.508467
7.508467
7.510673
7.512816
7.512816
7.516705
7.516705
7.520716
7.522849
7.524720
7.526718
7.530665
7.536473
7.538463
7.542142
7.542142
7.540489
7.540656
7.542640
7.542640
7.546601
7.550395
7.550554
7.554473
7.554630
7.554630
7.554630
7.551032
7.551191
7.554969
7.560838
7.562670
7.570338
7.573975
7.575928
7.575928
7.578147
7.578147
7.576348
7.580232
7.582176
7.587737
7.589805
7.591612
7.595483
7.597415
7.597540
7.599469
7.601396
7.604998
7.607050
7.608971
7.610891
7.616399
7.618442
7.622029
7.623939
7.625847
7.627753
7.633362
7.640768
7.642664
7.644558
7.651947
7.653835
7.657654
7.663095
7.664975
7.666854
7.670662
7.676213
7.676213
7.676280
7.676280
7.674546
7.679952
7.681945
7.683808
7.685540
7.689327
7.694838
7.696691
7.696691
7.694818
7.702111
7.702111
7.700492
7.707644
7.709485
7.711324
7.713290
7.716793
7.718755
7.720587
7.722289
7.722452
7.724279
7.727770
7.729593
7.731543
7.733235
7.735181
7.740477
7.742418
7.742418
7.740648
7.740648
7.740648
7.740691
7.742499
7.745964
7.747896
7.749699
7.751499
7.753299
7.758677
7.760471
7.762135
7.764053
7.765715
7.769413
7.771071
7.776420
7.776420
7.780105
7.781754
7.781754
7.785302
7.787074
7.788971
7.790740
7.792380
7.796052
7.796052
7.796052
7.794241
7.796002
7.802947
7.806480
7.811763
7.813513
7.817166
7.822435
7.824051
7.827697
7.829436
7.834560
7.838072
7.843312
7.845040
7.868653
7.868653
7.868653
7.868653
7.859057
7.862424
7.867756
7.869340
7.907497
7.907497
7.907497
7.907497
7.907497
7.907497
7.891897
7.893592
7.895158
7.898751
7.929965
7.936875
7.940455
7.945444
7.949019
7.950682
7.955658
7.957444
7.959100
7.962410
7.967624
7.969146
7.972703
7.974350
7.975995
7.981061
7.982701
7.986120
7.991045
7.992806
7.994438
7.997721
7.999477
7.999477
7.997547
7.997270
8.000799
8.005694
8.007315
8.014104
8.015846
8.017460
8.024236
8.027495
8.032484
8.034215
8.035690
8.042443
8.045944
8.050910
8.054152
8.055870
8.060696
8.067420
8.069128
8.070709
8.072288
8.072288
8.070188
8.076890
8.083586
8.083586
8.081606
8.085076
8.084870
8.091421
8.093111
8.094546
8.101211
8.102768
8.106223
8.106004
8.109202
8.109107
8.115622
8.119067
8.123927
8.125341
8.128780
8.135273
8.140114
8.141772
8.141772
8.141772
8.141772
8.141772
8.141772
8.141772
8.141772
8.120204
8.121739
8.123272
8.163078
8.170146
8.170146
8.172659
8.172659
8.172659
8.172659
8.172659
8.172659
8.172659
8.172659
8.149993
8.151380
8.152890
8.152890
8.152644
8.193919
8.193919
8.193919
8.193919
8.193919
8.193919
8.176563
8.177932
8.181304
8.181040
8.182405
8.185772
8.190372
8.196845
8.203312
8.209899
8.216230
8.219456
8.220925
8.225613
8.228958
8.233638
8.233638
8.231588
8.233048
8.236134
8.240799
8.242253
8.245583
8.246909
8.248358
8.275193
8.275193
8.280628
8.287005
8.293376
8.293376
8.293376
8.293376
8.293376
8.293376
8.293376
8.278817
8.280120
8.281671
8.282972
8.286269
8.290861
8.292156
8.293699
8.296739
8.301317
8.302854
8.304266
8.310454
8.311986
8.313392
8.313392
8.313051
8.312586
8.315858
8.315858
8.313773
8.318192
8.319715
8.320988
8.322384
8.328656
8.328656
8.328656
8.324951
8.326343
8.330738
8.332126
8.338375
8.339759
8.345999
8.352235
8.358465
8.358465
8.361210
8.362581
8.365814
8.365319
8.368549
8.372893
8.374256
8.377480
8.381937
8.383046
8.389357
8.390710
8.392187
8.393414
8.394764
8.400933
8.402403
8.403624
8.406827
8.408045
8.412462
8.413924
8.413924
8.411793
8.413130
8.413130
8.412734
8.412734
8.408879
8.410091
8.413278
8.414611
8.414611
8.412365
8.411970
8.413425
8.413425
8.411184
8.414359
8.418614
8.418614
8.418614
8.418614
8.414503
8.417425
8.421913
8.424831
8.429188
8.432224
8.436696
8.439606
8.439606
8.442105
8.441941
8.444845
8.449298
8.450603
8.453501
8.457821
8.459120
8.462259
8.462259
8.462259
8.462259
8.462259
8.462259
8.462259
8.462259
8.462259
8.462259
8.462259
8.427523
8.427523
8.425546
8.425546
8.428154
8.429335
8.430637
8.433758
8.438053
8.438053
8.437530
8.438825
8.438423
8.441414
8.442827
8.447106
8.448274
8.449562
8.450970
8.453830
8.455114
8.455114
8.453010
8.454293
8.458549
8.459829
8.459829
8.457726
8.457726
8.457315
8.461558
8.461558
8.459578
8.462420
8.462128
8.464967
8.466239
8.467510
8.467510
8.473002
8.474268
8.480168
8.480168
8.480168
8.480168
8.480168
8.480168
8.480168
8.480168
8.480168
8.480168
8.480168
8.449655
8.450805
8.450805
8.469864
8.477285
8.477285
8.477285
8.480932
8.485709
8.486960
8.488090
8.491132
8.492260
8.493626
8.493080
8.493080
8.492774
8.492774
8.490561
8.491924
8.493168
8.493168
8.493168
8.493168
8.493168
8.493168
8.493168
8.493168
8.493168
8.493168
8.467288
8.468654
8.469782
8.497642
8.504140
8.505371
8.508261
8.509490
8.510836
8.510285
8.511630
8.514395
8.514395
8.510766
8.510766
8.510335
8.511559
8.511559
8.509238
8.509238
8.509238
8.516011
8.518763
8.519980
8.519980
8.519980
8.518875
8.520325
8.521657
8.521657
8.519575
8.520670
8.522000
8.521565
8.521565
8.521014
8.525077
8.525077
8.527609
8.527609
8.527609
8.526619
8.526619
8.526300
8.527505
8.528591
8.532751
8.533951
8.536672
8.536349
8.539067
8.538743
8.539821
8.541133
8.542327
8.543520
8.544712
8.545786
8.546976
8.546976
8.549354
8.549354
8.549025
8.550095
8.554098
8.554098
8.553767
8.554950
8.556016
8.556016
8.556016
8.555004
8.559109
8.559109
8.559109
8.559109
8.554960
8.556254
8.556254
8.558260
8.558260
8.558260
8.557018
8.560509
8.560061
8.561118
8.561118
8.561118
8.561118
8.561118
8.561118
8.561118
8.561118
8.541282
8.542573
8.543633
8.543196
8.543196
8.541266
8.541266
8.539109
8.540283
8.541455
8.542627
8.542627
8.542193
8.543477
8.574369
8.579096
8.579096
8.581520
8.581520
8.579342
8.579342
8.579342
8.578206
8.581193
8.582344
8.586362
8.587510
8.590147
8.589803
8.590949
8.591979
8.593237
8.594380
8.595522
8.596663
8.597803
8.597803
8.600081
8.601104
8.601104
8.599157
8.600179
8.601429
8.601429
8.600853
8.600506
8.601640
8.601640
8.601640
8.601640
8.601640
8.601640
8.601640
8.601640
8.601640
8.578913
8.580052
8.581076
8.592637
8.607586
8.610414
8.614137
8.615259
8.617969
8.619090
8.620323
8.624033
8.625150
8.626379
8.628968
8.628968
8.628968
8.628968
8.619101
8.624384
8.627080
8.626609
8.626609
8.626609
8.625670
8.626893
8.629470
8.629112
8.629112
8.629112
8.625373
8.626482
8.630386
8.631492
8.634060
8.633588
8.636380
8.635907
8.644947
8.658903
8.665934
8.667250
8.667250
8.667250
8.667250
8.667250
8.667250
8.667250
8.667250
8.644842
8.644842
8.642798
8.643780
8.643780
8.645965
8.647056
8.648258
8.649348
8.650437
8.651413
8.652613
8.653587
8.654673
8.657434
8.658406
8.657926
8.660683
8.664297
8.664297
8.663814
8.665005
8.665971
8.667161
8.668237
8.669202
8.670389
8.671352
8.672537
8.672537
8.672537
8.672537
8.666786
8.667859
8.667859
8.667377
8.668560
8.669521
8.670702
8.670219
8.670219
8.670219
8.670219
8.670219
8.670219
8.670219
8.670219
8.670219
8.670219
8.670219
8.640360
8.652914
8.667331
8.668397
8.668397
8.668028
8.668982
8.672651
8.673823
8.674884
8.675944
8.677003
8.677952
8.679009
8.681717
8.682773
8.683828
8.684773
8.684773
8.685451
8.685451
8.687555
8.687555
8.687069
8.688120
8.689060
8.690110
8.706646
8.724376
8.726292
8.729791
8.730934
8.731966
8.732997
8.734028
8.735058
8.736087
8.738544
8.739681
8.740708
8.740087
8.742759
8.742759
8.739176
8.740201
8.742650
8.743783
8.747251
8.752360
8.753378
8.758481
8.763581
8.764594
8.769688
8.770698
8.773352
8.776903
8.777911
8.780341
8.779922
8.779922
8.779922
8.779922
8.779922
8.772635
8.773750
8.776175
8.798035
8.798035
8.798035
8.798035
8.789409
8.790297
8.793819
8.793819
8.793819
8.788815
8.791228
8.794742
8.795736
8.800771
8.800771
8.798711
8.799810
8.799810
8.801789
8.804192
8.807798
8.810198
8.811291
8.811291
8.811627
8.812610
8.813701
8.814574
8.814574
8.812623
8.813604
8.815995
8.817082
8.848552
8.851151
8.854606
8.859473
8.860544
8.860544
8.862466
8.863318
8.865909
8.870762
8.874306
8.875152
8.877738
8.878691
8.882117
8.882117
8.884019
8.884968
8.885917
8.888278
8.889334
8.889334
8.887241
8.888188
8.893008
8.894061
8.897465
8.898407
8.899240
8.901807
8.906612
8.910005
8.911049
8.911876
8.912919
8.913745
8.918644
8.921200
8.924469
8.927023
8.930394
8.935171
8.936204
8.937127
8.937942
8.937942
8.937942
8.934428
8.937786
8.942548
8.943575
8.944494
8.946817
8.950272
8.955021
8.956042
8.960786
8.961697
8.966543
8.967451
8.972293
8.973306
8.974212
8.976521
8.977533
8.976923
8.977826
8.978728
8.983553
8.984344
8.989164
8.990061
8.994875
8.994875
8.992748
8.995261
8.995261
8.995261
8.992414
8.993307
8.998107
8.998998
9.003793
9.006297
9.005678
9.006457
9.008958
9.012236
9.013120
9.017899
9.020180
9.021169
9.024435
9.025206
9.025206
9.030849
9.033230
9.036485
9.036485
9.042113
9.042984
9.047734
9.050108
9.053347
9.061965
9.062828
9.067671
9.069930
9.069930
9.070143
9.071109
9.075834
9.075834
9.075834
9.075834
9.075834
9.075834
9.075834
9.075834
9.075834
9.075834
9.049682
9.049682
9.051192
9.059753
9.062214
9.065423
9.066278
9.068735
9.068094
9.070336
9.069694
9.074387
9.075237
9.076194
9.076194
9.076194
9.070967
9.071711
9.076498
9.085007
9.085007
9.084360
9.087540
9.087540
9.106548
9.106548
9.106548
9.106548
9.106548
9.095027
9.095027
9.092889
9.122325
9.124966
9.124966
9.124966
9.124966
9.124966
9.124966
9.109412
9.110349
9.112560
9.115812
9.115812
9.117363
9.117363
9.116811
9.119950
9.119950
9.119292
9.122426
9.123144
9.124074
9.124074
9.124074
9.118971
9.123474
9.125777
9.128899
9.131306
9.134318
9.134318
9.135953
9.138250
9.171449
9.176133
9.178420
9.181509
9.186079
9.188469
9.191443
9.191443
9.193142
9.195316
9.198495
9.202943
9.202943
9.204632
9.204632
9.203833
9.203833
9.203833
9.197323
9.199489
9.200385
9.200385
9.200381
9.201170
9.205810
9.213875
9.222145
9.223032
9.227554
9.235812
9.236588
9.238951
9.241981
9.241981
9.241981
9.236837
9.238985
9.243489
9.244367
9.244367
9.247525
9.247525
9.247525
9.247525
9.247525
9.247525
9.235649
9.238561
9.239437
9.265689
9.268349
9.268349
9.268349
9.268349
9.260366
9.261128
9.264020
9.264886
9.269351
9.270110
9.270763
9.275222
9.276083
9.278206
9.281187
9.285637
9.287861
9.290835
9.291584
9.315117
9.315117
9.315117
9.315117
9.315117
9.307131
9.311454
9.315984
9.320406
9.320406
9.321987
9.321987
9.321987
9.320415
9.328503
9.329237
9.329237
9.328501
9.328501
9.328500
9.329337
9.331433
9.335831
9.336562
9.335824
9.338125
9.341049
9.341049
9.338844
9.343125
9.343851
9.346147
9.349062
9.351146
9.354161
9.356243
9.379393
9.379393
9.379393
9.379393
9.372961
9.373780
9.373780
9.371565
9.373743
9.376528
9.376528
9.376528
9.375026
9.375843
9.377911
9.382256
9.385135
9.389474
9.390284
9.390886
9.393157
9.395923
9.398192
9.397329
9.398031
9.400298
9.403160
9.403160
9.403160
9.403160
9.403160
9.403160
9.403160
9.403160
9.403160
9.382012
9.384770
9.385577
9.386280
9.386280
9.416526
9.417115
9.417115
9.418603
9.420646
9.423586
9.424171
9.424964
9.424964
9.424096
9.426926
9.431206
9.435484
9.436272
9.436852
9.441124
9.441910
9.443941
9.443273
9.447434
9.448113
9.452374
9.453051
9.474375
9.480702
9.480702
9.480702
9.480702
9.480702
9.470055
9.472847
9.474864
9.477755
9.479769
9.482657
9.482657
9.483883
9.488216
9.488776
9.490992
9.493662
9.497882
9.498542
9.502758
9.503519
9.503519
9.503519
9.503519
9.503519
9.503519
9.503519
9.503519
9.485372
9.488137
9.488693
9.489353
9.489353
9.490671
9.494871
9.495528
9.499723
9.503917
9.508107
9.508759
9.508759
9.507970
9.510816
9.511364
9.512014
9.512663
9.516841
9.517592
9.519577
9.520326
9.520326
9.520326
9.513678
9.517847
9.519930
9.519930
9.519930
9.519930
9.519930
9.519930
9.519930
9.519930
9.519930
9.519930
9.493449
9.493998
9.494751
9.496728
9.521408
9.524328
9.526809
9.526809
9.526809
9.526809
9.526809
9.526809
9.526809
9.526809
9.506028
9.506028
9.507215
9.507859
9.508503
9.509146
9.509146
9.508367
9.508367
9.508367
9.503426
9.503968
9.504612
9.505255
9.505897
9.505897
9.503703
9.506506
9.507047
9.507789
9.508430
9.508969
9.509710
9.533936
9.533936
9.533936
9.533936
9.533936
9.533936
9.533936
9.533936
9.515452
9.515987
9.518036
9.518671
9.517994
9.519940
9.520574
9.521207
9.521840
9.521063
9.521696
9.522328
9.524470
9.523692
9.523692
9.523692
9.520099
9.520631
9.519856
9.519856
9.519856
9.519856
9.519856
9.519856
9.519856
9.519856
9.519856
9.498144
9.498781
9.499416
9.499416
9.499416
9.495759
9.494998
9.519030
9.520259
9.520887
9.522914
9.522914
9.522914
9.522914
9.522914
9.522914
9.522914
9.522914
9.502704
9.502704
9.501844
9.502476
9.529019
9.529642
9.530365
9.530987
9.531609
9.532230
9.532752
9.533472
9.533993
9.534713
9.534713
9.534713
9.534713
9.528379
9.529000
9.529521
9.530241
9.530762
9.533388
9.534007
9.534007
9.531851
9.533856
9.534473
9.537193
9.537193
9.535038
9.535038
9.536271
9.536788
9.537403
9.538018
9.538732
9.539248
9.539862
9.539862
9.539862
9.538325
9.539038
9.539038
9.540165
9.544150
9.544762
9.545471
9.545471
9.544702
9.547302
9.547813
9.548520
9.549129
9.549639
9.549639
9.548870
9.551462
9.552069
9.552774
9.553381
9.553381
9.553381
9.553381
9.553381
9.553381
9.553381
9.553381
9.553381
9.553381
9.553381
9.553381
9.525089
9.524431
9.524431
9.523580
9.533440
9.533440
9.533440
9.544406
9.548643
9.550614
9.553187
9.553789
9.555758
9.558326
9.558927
9.559624
9.559624
9.559624
9.559624
9.552035
9.552539
9.553140
9.553140
9.553140
9.553140
9.558862
9.559460
9.560057
9.560752
9.562613
9.561848
9.561848
9.559822
9.560321
9.561014
9.561610
9.561610
9.559490
9.561346
9.561941
9.562633
9.562633
9.562633
9.562633
9.562633
9.562633
9.562633
9.562633
9.562633
9.540121
9.540720
9.540720
9.561604
9.562293
9.564334
9.564926
9.565420
9.566108
9.566698
9.566698
9.564589
9.564589
9.562481
9.561724
9.561724
9.562809
9.562809
9.562148
9.562738
9.563232
9.562572
9.562572
9.560280
9.560280
9.560280
9.560280
9.560280
9.560280
9.560280
9.560280
9.542185
9.542779
9.543372
9.543965
9.543965
9.543315
9.542475
9.543163
9.543660
9.543660
9.542916
9.542173
9.542765
9.544690
9.545281
9.545871
9.545871
9.545871
9.539798
9.540484
9.541075
9.541570
9.541570
9.540925
9.541515
9.540776
9.541270
9.541270
9.539203
9.539793
9.539793
9.537728
9.538412
9.539002
9.539002
9.538170
9.538759
9.538759
9.536793
9.539200
9.539200
9.538464
9.549226
9.549226
9.549226
9.542817
9.542817
9.541986
9.542572
9.554461
9.561778
9.561778
9.563032
9.563032
9.560873
9.562774
9.565253
9.565925
9.566502
9.566985
9.567657
9.567657
9.565594
9.566171
9.566748
9.567324
9.567324
9.566488
9.565747
9.566322
9.566322
9.565676
9.568048
9.568623
9.568623
9.567882
9.568550
9.570918
9.570918
9.568957
9.570750
9.571323
9.571989
9.572561
9.574923
9.575493
9.576158
9.576728
9.576728
9.576728
9.572055
9.572532
9.572532
9.573579
9.596272
9.596272
9.596272
9.596272
9.596272
9.596272
9.596272
9.581497
9.581970
9.581970
9.583102
9.583667
9.584232
9.584797
9.586760
9.587324
9.587795
9.588358
9.589014
9.589484
9.588836
9.590609
9.590609
9.590429
9.590429
9.589781
9.589781
9.587740
9.587740
9.587740
9.583008
9.585524
9.585993
9.587946
9.588507
9.587676
9.589627
9.590187
9.589356
9.593070
9.593070
9.594186
9.594744
9.594744
9.595858
9.596415
9.596972
9.597620
9.599379
9.598640
9.599287
9.599842
9.599842
9.599842
9.595224
9.595687
9.596335
9.598089
9.597444
9.597906
9.597906
9.597262
9.597262
9.597262
9.597262
9.597262
9.597262
9.597262
9.597262
9.597262
9.597262
9.574646
9.575113
9.575113
9.593782
9.593782
9.592958
9.595348
9.595348
9.595348
9.593976
9.594528
9.595080
9.595540
9.596182
9.596642
9.598474
9.598474
9.596461
9.597011
9.599391
9.599391
9.598752
9.612101
9.612101
9.612101
9.612101
9.604599
9.605055
9.605055
9.603136
9.603682
9.604229
9.604775
9.605230
9.607597
9.608233
9.608777
9.609230
9.609865
9.611593
9.610861
9.611404
9.612038
9.612489
9.614396
9.613573
9.635186
9.639447
9.639447
9.639447
9.637965
9.641492
9.642116
9.643833
9.643833
9.641908
9.644247
9.644688
9.646584
9.647024
9.646373
9.648085
9.648085
9.647873
9.648403
9.650295
9.652534
9.652534
9.653590
9.654118
9.656007
9.656443
9.655790
9.656226
9.658113
9.658639
9.659074
9.659690
9.658946
9.660649
9.661173
9.663580
9.663580
9.663580
9.663580
9.665671
9.667370
9.667982
9.668504
9.670812
9.671332
9.671332
9.669321
9.671016
9.671536
9.673840
9.677406
9.679098
9.679098
9.679098
9.679098
9.679098
9.679098
9.679098
9.679098
9.660859
9.660859
9.660030
9.662421
9.662851
9.664719
9.665238
9.667534
9.667962
9.668480
9.668480
9.694402
9.697224
9.699084
9.699084
9.699084
9.699084
9.699084
9.699084
9.699084
9.699084
9.699084
9.699084
9.677045
9.677559
9.678072
9.677242
9.679098
9.678267
9.678869
9.680545
9.703397
9.703397
9.704856
9.705451
9.707210
9.709472
9.711320
9.711320
9.713992
9.715837
9.715837
9.715496
9.716087
9.717751
9.718341
9.718341
9.718341
9.718341
9.718341
9.718341
9.718341
9.702583
9.704245
9.704245
9.701094
9.702755
9.702099
9.702513
9.703104
9.703104
9.701115
9.701617
9.702119
9.703776
9.703122
9.704779
9.704035
9.704625
9.705037
9.705626
9.706126
9.706625
9.707125
9.707125
9.705140
9.705551
9.706050
9.707790
9.710027
9.710613
9.710613
9.709871
9.710279
9.712513
9.712513
9.712513
9.712513
9.712513
9.712513
9.712513
9.712513
9.712513
9.712513
9.712513
9.691253
9.691754
9.712397
9.716474
9.716968
9.716968
9.716226
9.716226
9.716226
9.716226
9.707997
9.712684
9.713353
9.713759
9.715713
9.715713
9.715713
9.715713
9.715713
9.715713
9.715713
9.715713
9.700481
9.701064
9.700244
9.700739
9.700739
9.698782
9.698782
9.698782
9.695601
9.697816
9.699448
9.700117
9.702242
9.702823
9.702823
9.700869
9.701275
9.701855
9.702348
9.702348
9.702348
9.702348
9.702348
9.694293
9.693568
9.694062
9.714379
9.715565
9.717187
9.717187
9.715233
9.715808
9.716209
9.716696
9.717183
9.719289
9.719289
9.720435
9.720834
9.721406
9.721805
9.721805
9.719855
9.721644
9.722042
9.722613
9.721881
9.723494
9.722762
9.723246
9.723246
9.721300
9.721300
9.719442
9.721053
9.720323
9.722107
9.722107
9.720077
9.722256
9.722738
9.723221
9.723703
9.724271
9.724271
9.724271
9.722813
9.723294
9.723776
9.724257
9.724257
9.724257
9.721111
9.723195
9.723676
9.725364
9.725844
9.726410
9.725683
9.726162
9.726641
9.737910
9.737910
9.737910
9.737910
9.737910
9.729425
9.729989
9.730380
9.730857
9.731334
9.733015
9.735171
9.735646
9.737325
9.737800
9.740038
9.740038
9.761830
9.761830
9.761830
9.761830
9.761830
9.761830
9.761830
9.761830
9.745881
9.746438
9.746823
9.747294
9.749521
9.749905
9.750460
9.750929
9.751313
9.751867
9.752336
9.752804
9.753187
9.753741
9.753741
9.754676
9.755057
9.755057
9.755057
9.752019
9.752401
9.752954
9.764086
9.764086
9.773499
9.773499
9.773499
9.780165
9.780711
9.781170
9.781170
9.781170
9.781170
9.781170
9.781170
9.781170
9.781170
9.781170
9.763625
9.764173
9.764635
9.786580
9.788316
9.790422
9.790877
9.790877
9.790054
9.789316
9.791049
9.793151
9.793519
9.795251
9.795251
9.795251
9.795251
9.795251
9.795251
9.795251
9.795251
9.795251
9.795251
9.795251
9.773562
9.773562
9.771647
9.771647
9.785399
9.793317
9.794363
9.794363
9.794363
9.794363
9.794363
9.794363
9.794363
9.779406
9.779406
9.778761
9.779131
9.778488
9.778488
9.778488
9.777033
9.777033
9.777942
9.778311
9.778765
9.785604
9.793144
9.799809
9.800257
9.800704
9.803962
9.803962
9.804602
9.806567
9.808555
9.809000
9.812251
9.815500
9.815943
9.817567
9.819632
9.819632
9.820600
9.820600
9.821483
9.821924
9.823460
9.823984
9.824425
9.824425
9.824042
9.824565
9.826099
9.828155
9.828155
9.829116
9.829469
9.831169
9.833220
9.833220
9.834009
9.834446
9.837754
9.839282
9.839717
9.841846
9.842196
9.845415
9.845847
9.846364
9.846713
9.847145
9.848752
9.858461
9.868744
9.868744
9.868744
9.868744
9.868744
9.860185
9.859355
9.861041
9.882077
9.888384
9.891579
9.893176
9.892503
9.892503
9.891747
9.891747
9.891747
9.888978
9.889398
9.892585
9.893004
9.896190
9.899374
9.899374
9.899374
9.899374
9.892835
9.895932
9.896433
9.897939
9.897939
9.897939
9.897939
9.897939
9.897939
9.897939
9.883141
9.884812
9.886735
9.906270
9.908022
9.908022
9.908022
9.905339
9.908504
9.911668
9.912080
9.913744
9.913744
9.913315
9.913726
9.916967
9.916967
9.916967
9.916967
9.916967
9.916967
9.905709
9.905709
9.905709
9.905709
9.899051
9.900711
9.902700
9.903030
9.903525
9.905017
9.904348
9.904760
9.906251
9.906744
9.918426
9.918426
9.918426
9.934548
9.936033
9.936519
9.938406
9.941538
9.943187
9.943187
9.945471
9.947035
9.947035
9.952871
9.952871
9.950279
9.951841
9.951841
9.953866
9.955675
9.955675
9.955675
9.955675
9.955675
9.955675
9.943387
9.944863
9.946821
9.946821
9.966379
9.969819
9.971290
9.973319
9.973319
9.971308
9.971783
9.974803
9.975277
9.976745
9.978769
9.981785
9.984882
9.986431
9.988366
9.989913
9.990383
9.992233
9.993862
9.995792
9.996095
9.997722
9.999650
10.000034
10.003036
10.004660
10.005043
10.005043
10.003110
10.004950
10.005415
10.008494
10.008792
10.010413
10.012249
10.012629
10.015702
10.017321
10.019152
10.022222
10.022222
10.020287
10.026043
10.026420
10.043338
10.052187
10.052187
10.055614
10.055614
10.055614
10.055614
10.055614
10.047137
10.048951
10.049321
10.052455
10.053980
10.053980
10.050800
10.053848
10.053848
10.053848
10.054953
10.060674
10.061123
10.061407
10.061773
10.061773
10.061773
10.065214
10.068581
10.069027
10.070463
10.072178
10.072178
10.072178
10.072178
10.072178
10.072178
10.072178
10.072178
10.072178
10.055436
10.057399
10.058832
10.060711
10.060711
10.060009
10.061887
10.062169
10.065193
10.066704
10.068578
10.071599
10.074618
10.077635
10.083226
10.083667
10.086680
10.088186
10.088186
10.087753
10.087753
10.087753
10.089644
10.091832
10.092270
10.092270
10.092270
10.092270
10.088314
10.088753
10.090172
10.090172
10.088320
10.088594
10.090450
10.090887
10.092305
10.091516
10.091953
10.093369
10.103715
10.113483
10.117126
10.118538
10.120462
10.123365
10.126349
10.126696
10.126696
10.124834
10.126243
10.150053
10.150639
10.150639
10.150639
10.150639
10.150639
10.150639
10.138466
10.139871
10.142842
10.143184
10.159701
10.168502
10.168502
10.168502
10.168502
10.168502
10.168502
10.168502
10.158305
10.158643
10.160041
10.160041
10.159572
10.161132
10.162946
10.164342
10.164759
10.166570
10.169522
10.169856
10.170109
10.171665
10.173472
10.173472
10.173472
10.173472
10.173472
10.173472
10.173472
10.160135
10.160389
10.161943
10.161141
10.162531
10.162531
10.162531
10.162531
10.156131
10.156385
10.155586
10.158526
10.159995
10.160330
10.162132
10.162132
10.162132
10.162132
10.162132
10.162132
10.162132
10.162132
10.146695
10.146695
10.145821
10.165311
10.167340
10.169135
10.170518
10.169717
10.171260
10.173052
10.173052
10.185533
10.189263
10.190964
10.192748
10.193154
10.193154
10.193804
10.193804
10.191867
10.191867
10.191867
10.192358
10.195752
10.198579
10.198579
10.200274
10.200274
10.200274
10.200274
10.200274
10.200274
10.188345
10.189717
10.188915
10.190447
10.190771
10.204301
10.204301
10.204301
10.204301
10.204301
10.194163
10.194406
10.194728
10.212813
10.215945
10.218833
10.219231
10.219468
10.220991
10.220101
10.220499
10.221941
10.222176
10.223853
10.223853
10.223853
10.223853
10.223853
10.223853
10.223853
10.210846
10.211164
10.211401
10.211401
10.209477
10.212354
10.213792
10.215547
10.217064
10.218737
10.219132
10.220488
10.219763
10.221118
10.221118
10.219194
10.219509
10.219509
10.217666
10.219335
10.219729
10.219729
10.219729
10.220114
10.223536
10.223770
10.224083
10.226943
10.226943
10.226943
10.226943
10.226943
10.226943
10.226943
10.213948
10.213948
10.214498
10.214498
10.212666
10.212666
10.211868
10.211071
10.211386
10.211701
10.211936
10.212330
10.212330
10.210423
10.210659
10.211053
10.211053
10.211602
10.211602
10.212310
10.212310
10.212938
10.213172
10.213172
10.213878
10.214192
10.214426
10.214426
10.213631
10.213944
10.214336
10.215989
10.215989
10.215274
10.215508
10.215899
10.216211
10.216444
10.215651
10.215651
10.214937
10.214065
10.215560
10.215793
10.216105
10.216495
10.216807
10.216807
10.213809
10.214121
10.215456
10.215456
10.213563
10.213874
10.215598
10.215598
10.213707
10.214018
10.215430
10.217151
10.218562
10.220282
10.220282
10.218391
10.218701
10.219011
10.220498
10.222136
10.230434
10.238415
10.238415
10.238415
10.238415
10.238415
10.238415
10.238415
10.238415
10.238415
10.238415
10.218330
10.218639
10.218639
10.217852
10.237050
10.238451
10.242418
10.242418
10.242418
10.242418
10.242418
10.242418
10.242418
10.229890
10.231211
10.231594
10.230727
10.230727
10.230727
10.230727
10.224556
10.224784
10.225090
10.225395
10.226870
10.227097
10.238432
10.238432
10.238432
10.238432
10.238432
10.238432
10.228219
10.228446
10.228446
10.227739
10.229358
10.230751
10.232524
10.232749
10.233130
10.233433
10.233433
10.232648
10.231786
10.232166
10.233478
10.232772
10.232997
10.232997
10.232997
10.232997
10.227950
10.228253
10.227394
10.227394
10.227394
10.223364
10.224828
10.224828
10.222966
10.223270
10.224881
10.225185
10.225488
10.225791
10.227175
10.227477
10.229240
10.229542
10.229542
10.230068
10.230370
10.231829
10.233511
10.233511
10.231652
10.231876
10.232253
10.232253
10.230319
10.230620
10.230921
10.232377
10.232377
10.232377
10.232377
10.232377
10.232377
10.232377
10.232377
10.232377
10.232377
10.213310
10.212540
10.212540
10.212540
10.209625
10.208780
10.209161
10.209161
10.207322
10.207322
10.205408
10.205408
10.206017
10.206322
10.206626
10.206930
10.206930
10.206165
10.206545
10.206849
10.207153
10.207380
10.207684
10.207684
10.207684
10.202726
10.202726
10.201887
10.201125
10.201506
10.201506
10.201506
10.198613
10.198918
10.199223
10.200820
10.200820
10.200060
10.201732
10.202111
10.202415
10.202718
10.202718
10.202718
10.202718
10.197632
10.196950
10.196950
10.196950
10.193994
10.193314
10.193314
10.191498
10.191803
10.191803
10.190973
10.190973
10.190973
10.190973
10.190973
10.181830
10.181830
10.179948
10.179948
10.179948
10.179948
10.179948
10.179948
10.179948
10.179948
10.179948
10.179948
10.179948
10.179948
10.158195
10.157379
10.157379
10.157379
10.154612
10.153797
10.153797
10.153134
10.153134
10.153134
10.149173
10.148437
10.148437
10.147775
10.146965
10.146965
10.146229
10.146229
10.143402
10.143714
10.143714
10.141935
10.141935
10.140157
10.140157
10.140157
10.140157
10.134281
10.134281
10.133477
10.132822
10.132822
10.132019
10.131291
10.131605
10.131605
10.130878
10.130151
10.130464
10.130464
10.128698
10.129012
10.129012
10.129012
10.129012
10.129012
10.129012
10.129012
10.129012
10.129012
10.129012
10.129012
10.129012
10.129012
10.129012
10.129012
10.100374
10.100374
10.103027
10.104378
10.106859
10.107693
10.108083
10.108083
10.106261
10.106578
10.106578
10.106578
10.106578
10.106578
10.106578
10.106578
10.106578
10.106578
10.106578
10.106578
10.106578
10.106578
10.106578
10.106578
10.106578
10.076019
10.076019
10.076019
10.072313
10.072313
10.081053
10.081053
10.080715
10.080715
10.078913
10.078283
10.078283
10.078283
10.078283
10.078283
10.078283
10.078283
10.078283
10.078283
10.078283
10.078283
10.078283
10.078283
10.078283
10.052998
10.052998
10.051287
10.051287
10.051287
10.047615
10.046851
10.046851
10.046161
10.045471
10.045471
10.043766
10.043766
10.042134
10.042134
10.042134
10.042134
10.042134
10.034350
10.034350
10.032580
10.032580
10.030884
10.030884
10.030884
10.027167
10.027167
10.025547
10.025547
10.025547
10.022846
10.022846
10.021085
10.021085
10.021085
10.017453
10.017453
10.014689
10.014689
10.014689
10.012071
10.012071
10.010390
10.010390
10.007705
10.007705
10.007705
10.007705
10.002942
10.002942
10.000336
10.000336
10.000336
10.005363
10.005363
10.004190
10.005595
10.004924
10.004924
10.003323
10.003323
10.002581
10.001983
10.001983
10.001983
9.999313
9.999313
9.996575
9.996575
9.995979
9.995241
9.995573
9.995573
9.993980
9.993980
9.993244
9.993244
9.991653
9.990989
9.990989
9.990989
9.987266
9.987266
9.986604
9.987008
9.986346
9.986607
9.986607
9.986607
9.983958
9.983369
9.983369
9.982638
9.981978
9.981978
9.981978
9.981978
9.976430
9.976430
9.974712
9.975117
9.975117
9.974461
9.973734
9.973734
9.972160
9.972160
9.976413
9.984651
9.984651
9.983993
9.984395
9.983667
9.983667
9.983667
9.981033
9.980377
9.980779
9.980779
9.979065
9.979065
9.989024
9.989354
9.989613
9.989613
9.988955
9.989285
9.989685
9.990015
9.990344
9.990344
9.988630
9.988960
9.988960
9.988960
9.985418
9.985748
9.986008
9.985353
9.985353
9.983715
9.983715
9.982078
9.983391
9.983391
9.981755
9.982085
9.982415
9.981833
9.982162
9.982422
9.983733
9.983150
9.983480
9.983809
9.984137
9.984326
9.984326
9.983744
9.984073
9.984073
9.981463
9.982701
9.983099
9.983428
9.985063
9.985063
9.983434
9.983832
9.984160
9.984488
9.984815
9.985143
9.985471
9.985471
9.984821
9.985078
9.984429
9.984429
10.001041
10.001365
10.001365
10.002082
10.002082
10.002082
10.002082
10.002082
10.002082
10.002082
10.002082
10.002082
10.002082
10.002082
10.002082
10.002082
9.979910
9.980237
9.980564
9.979988
9.980315
9.980572
9.980968
9.981225
9.981551
9.981947
9.982273
9.982530
9.982855
9.983181
9.983507
9.983832
9.983832
9.982148
9.982148
9.980604
9.980604
9.980604
9.980604
9.980604
9.980604
9.971248
9.971575
9.971971
9.971971
9.971971
9.971971
9.971971
9.971971
9.971971
9.971971
9.971971
9.971971
9.971971
9.971971
9.971971
9.971971
9.971971
9.971971
9.943311
9.943311
9.943311
9.948467
9.952147
9.952683
9.953012
9.953341
9.952778
9.953107
9.953107
9.952476
9.952476
9.952476
9.952476
9.952476
9.952476
9.952476
9.952476
9.952476
9.952476
9.952476
9.952476
9.952476
9.952476
9.926954
9.926954
9.935974
9.936851
9.937113
9.938467
9.938798
9.938173
9.938503
9.939788
9.939232
9.944311
9.944311
9.944311
9.944311
9.944311
9.937691
9.937691
9.937691
9.934210
9.934472
9.933919
9.933919
9.933230
9.933560
9.933560
9.931037
9.931436
9.931698
9.932028
9.933309
9.932756
9.933086
9.933086
9.933086
9.930568
9.930568
9.928933
9.929263
9.929593
9.937675
9.939155
9.939551
9.939811
9.939811
9.939519
9.939846
9.940174
9.940569
9.940569
9.940569
9.937987
9.938383
9.938710
9.938024
9.938024
9.936459
9.937732
9.938127
9.939659
9.939659
9.938096
9.939368
9.939762
9.939762
9.939762
9.937515
9.937841
9.937841
9.937841
9.937841
9.937841
9.937841
9.937841
9.937841
9.925983
9.926311
9.926311
9.934529
9.936066
9.936066
9.933569
9.933896
9.935163
9.935556
9.937081
9.937081
9.936467
9.936859
9.937118
9.937443
9.937769
9.938094
9.938094
9.935602
9.935994
9.936319
9.936644
9.936644
9.935964
9.935418
9.935744
9.936001
9.936001
9.935389
9.935781
9.935169
9.935169
9.934557
9.934557
9.932943
9.933335
9.933660
9.933918
9.934242
9.934242
9.931762
9.931762
9.931762
9.929284
9.929609
9.931193
9.931193
9.930584
9.930909
9.931233
9.930625
9.931882
9.931273
9.931597
9.931921
9.931921
9.931380
9.931704
9.931961
9.932351
9.932675
9.932067
9.932067
9.931393
9.931783
9.931783
9.931783
9.927457
9.927715
9.928039
9.928039
9.927500
9.926895
9.927152
9.927476
9.927476
9.926938
9.927261
9.927518
9.927842
9.927237
9.927237
9.926700
9.926700
9.925170
9.925493
9.924825
9.924825
9.924222
9.924545
9.924935
9.926440
9.926762
9.926762
9.926226
9.926226
9.924700
9.926203
9.926525
9.926525
9.927170
9.927492
9.927814
9.927814
9.927212
9.927534
9.927856
9.928243
9.928499
9.928499
9.928499
9.928499
9.924532
9.924532
9.923012
9.923399
9.923721
9.923721
9.923057
9.923444
9.923766
9.923766
9.922182
9.922504
9.921971
9.922293
9.922293
9.922293
9.922293
9.917039
9.917427
9.917749
9.918005
9.918005
9.931583
9.932820
9.932221
9.932606
9.933777
9.933178
9.934479
9.934479
9.934985
9.934985
9.934985
9.935153
9.935405
9.935788
9.935788
9.935788
9.935788
9.934516
9.936077
9.935544
9.936711
9.936711
9.936711
9.936711
9.936711
9.936711
9.936711
9.936711
9.936711
9.922405
9.922724
9.922131
9.922515
9.922834
9.922834
9.922834
9.922834
9.918596
9.918915
9.919169
9.919488
9.918962
9.919216
9.919535
9.919535
9.919535
9.917190
9.917509
9.917764
9.918147
9.918401
9.918720
9.919103
9.919422
9.919740
9.920058
9.920376
9.920694
9.920694
9.919132
9.919450
9.919833
9.920086
9.920086
9.920086
9.920086
9.920086
9.920086
9.920086
9.920086
9.906821
9.906821
9.906236
9.913708
9.915383
9.914861
9.915179
9.915496
9.915749
9.916971
9.917288
9.916702
9.916702
9.915277
9.915594
9.915911
9.915911
9.914359
9.914677
9.915896
9.916277
9.916529
9.918064
9.918064
9.917414
9.916894
9.918111
9.918111
9.918111
9.916749
9.916358
9.916358
9.916358
9.914933
9.914933
9.914607
9.914607
9.914607
9.914607
9.914607
9.914607
9.914607
9.914607
9.902414
9.902732
9.902154
9.902154
9.911101
9.912443
9.912694
9.912694
9.912694
9.912694
9.912694
9.904946
9.904946
9.904432
9.904748
9.904748
9.904748
9.900529
9.900911
9.900911
9.900334
9.899758
9.899758
9.899758
9.897333
9.897333
9.897333
9.894146
9.893572
9.893826
9.893826
9.894461
9.894779
9.897705
9.902283
9.902283
9.902978
9.903612
9.903037
9.903037
9.903037
9.903037
9.903037
9.903037
9.903037
9.903037
9.890836
9.891153
9.891153
9.890582
9.890582
9.890582
9.890582
9.886717
9.887098
9.887416
9.887416
9.887416
9.887416
9.887416
9.887416
9.887416
9.878878
9.880398
9.880398
9.880398
9.880398
9.874590
9.874590
9.873963
9.874282
9.873781
9.873781
9.873781
9.871389
9.871708
9.872027
9.872027
9.872027
9.872606
9.872606
9.872606
9.872618
9.873377
9.873696
9.873696
9.873696
9.873696
9.873696
9.873696
9.873696
9.873696
9.873696
9.873696
9.858186
9.858186
9.858186
9.859524
9.863931
9.863811
9.865133
9.865452
9.865771
9.865771
9.865771
9.861768
9.861768
9.870441
9.870441
9.870441
9.870441
9.870441
9.870441
9.870441
9.860498
9.860498
9.859943
9.860261
9.859643
9.859643
9.860281
9.860281
9.859726
9.860044
9.860425
9.860425
9.860425
9.860425
9.855506
9.854891
9.855210
9.855210
9.855210
9.855210
9.855210
9.855210
9.855210
9.855210
9.855210
9.855210
9.855210
9.838990
9.838505
9.838764
9.838764
9.838217
9.838217
9.838217
9.838217
9.833331
9.832786
9.832786
9.832786
9.830508
9.830830
9.830830
9.829358
9.828876
9.828876
9.828333
9.828333
9.825937
9.827247
9.826643
9.827829
9.827829
9.827829
9.827829
9.827829
9.827829
9.827829
9.827829
9.827829
9.827829
9.827829
9.827829
9.827829
9.806651
9.806651
9.805317
9.805317
9.803861
9.803861
9.802467
9.802467
9.801135
9.801135
9.801135
9.798885
9.798885
9.798885
9.794922
9.794922
9.794922
9.792615
9.792615
9.791228
9.790760
9.790760
9.789313
9.789313
9.787929
9.787929
9.787929
9.785752
9.785752
9.785752
9.785752
9.785752
9.785752
9.785752
9.775773
9.775248
9.775248
9.775248
9.772168
9.772168
9.771645
9.771183
9.771183
9.771183
9.771183
9.767257
9.767257
9.765825
9.765825
9.764516
9.764516
9.764516
9.760599
9.760599
9.760599
9.758384
9.758384
9.756958
9.756958
9.755653
9.755653
9.755653
9.756100
9.756100
9.756100
9.758326
9.759926
9.759926
9.759926
9.759926
9.755931
9.755931
9.755931
9.755931
9.755931
9.755931
9.755931
9.755931
9.755931
9.743171
9.743171
9.743171
9.744526
9.750365
9.750876
9.750876
9.749580
9.749850
9.749850
9.748555
9.748555
9.748555
9.748555
9.744675
9.744104
9.744434
9.744765
9.744765
9.743173
9.744644
9.744074
9.744074
9.743624
9.743114
9.743114
9.742544
9.742095
9.742095
9.742095
9.742095
9.742095
9.735656
9.735656
9.735149
9.734642
9.734642
9.734642
9.734642
9.734642
9.734642
9.734642
9.734642
9.734642
9.734642
9.734642
9.734642
9.734642
9.734642
9.734642
9.712476
9.712476
9.714608
9.721119
9.721749
9.722081
9.721579
9.721911
9.721911
9.721469
9.721469
9.721469
9.717638
9.717911
9.717911
9.717471
9.716912
9.721056
9.725376
9.725376
9.724994
9.725443
9.725443
9.725443
9.721558
9.721889
9.722220
9.722220
9.721780
9.726719
9.730166
9.731833
9.731833
9.731833
9.731833
9.731833
9.731833
9.731833
9.723034
9.723034
9.723338
9.723253
9.725451
9.725899
9.726169
9.726169
9.725669
9.725998
9.727484
9.727812
9.728141
9.729297
9.729625
9.730012
9.729453
9.729781
9.730109
9.730109
9.730109
9.728015
9.728343
9.728671
9.728113
9.728113
9.727674
9.727674
9.727674
9.723875
9.724144
9.724144
9.724144
9.724144
9.720351
9.721831
9.721831
9.721394
9.720899
9.721227
9.721227
9.719850
9.719850
9.719355
9.719742
9.720070
9.719576
9.719576
9.719023
9.719409
9.719737
9.719243
9.719571
9.719898
9.719898
9.718525
9.725053
9.725053
9.725053
9.725053
9.725053
9.719400
9.719727
9.720054
9.720381
9.720649
9.720156
9.720156
9.719722
9.720049
9.720317
9.719824
9.719824
9.719332
9.719659
9.719167
9.719167
9.719586
9.719586
9.719586
9.719586
9.719586
9.719586
9.719586
9.719586
9.709584
9.709911
9.709423
9.713900
9.715718
9.717035
9.717361
9.717687
9.717687
9.717522
9.717906
9.718173
9.718173
9.716927
9.717194
9.717194
9.717194
9.717194
9.713448
9.713774
9.715239
9.715239
9.714809
9.716215
9.716540
9.716540
9.716110
9.716110
9.715888
9.715888
9.715888
9.715888
9.715888
9.715888
9.715888
9.715888
9.704851
9.705177
9.705177
9.704692
9.705076
9.704592
9.704592
9.704051
9.703567
9.703893
9.704219
9.704602
9.704602
9.704602
9.701693
9.701693
9.701693
9.701693
9.697979
9.698247
9.698247
9.698247
9.698247
9.698247
9.698247
9.698247
9.698247
9.698247
9.698247
9.698247
9.681703
9.681703
9.680365
9.680365
9.679889
9.682827
9.687774
9.687774
9.687774
9.687774
9.687774
9.687774
9.687774
9.687774
9.676624
9.676624
9.676150
9.676150
9.674818
9.674818
9.674818
9.671197
9.671197
9.669867
9.669867
9.669867
9.669867
9.666023
9.666023
9.664982
9.664982
9.664982
9.664982
9.664982
9.664982
9.664982
9.664982
9.664982
9.664982
9.650090
9.650090
9.650090
9.650090
9.650090
9.644904
9.644904
9.642849
9.642849
9.642849
9.642849
9.639207
9.639207
9.637894
9.637432
9.637432
9.636178
9.636178
9.634924
9.634924
9.633727
9.633727
9.632475
9.632475
9.631167
9.631167
9.631167
9.628390
9.628390
9.628390
9.626293
9.626293
9.625045
9.624588
9.624588
9.624132
9.623676
9.623676
9.622486
9.622486
9.622486
9.620396
9.620396
9.619152
9.619152
9.617909
9.622906
9.622906
9.621776
9.624188
9.624188
9.623789
9.623789
9.622490
9.622490
9.621304
9.621304
9.620063
9.620063
9.618823
9.618823
9.616741
9.616741
9.615559
9.615559
9.615107
9.615107
9.613814
9.614147
9.614147
9.614147
9.610557
9.610892
9.610892
9.610441
9.610775
9.611109
9.611109
9.609092
9.609426
9.609426
9.609426
9.609426
9.609426
9.609426
9.609426
9.601208
9.600706
9.601040
9.601040
9.600594
9.600092
9.600092
9.599757
9.599255
9.599255
9.599255
9.599255
9.595745
9.596024
9.595580
9.595580
9.595135
9.595415
9.595415
9.595415
9.595415
9.595415
9.595415
9.595415
9.595415
9.595415
9.595415
9.595415
9.595415
9.595415
9.595415
9.595415
9.595415
9.572489
9.579160
9.582382
9.582164
9.582164
9.580949
9.581285
9.581285
9.580846
9.581182
9.581182
9.581182
9.581182
9.581182
9.574549
9.574886
9.574886
9.574394
9.574394
9.573294
9.576843
9.582438
9.582773
9.583992
9.584327
9.584327
9.584327
9.584327
9.584327
9.584327
9.584327
9.584327
9.584327
9.584327
9.584327
9.568452
9.568452
9.568452
9.569791
9.569791
9.569791
9.569791
9.569791
9.564409
9.564745
9.565082
9.564704
9.564704
9.564217
9.563840
9.564122
9.564122
9.562977
9.562977
9.562545
9.562114
9.562395
9.562395
9.561964
9.561964
9.561964
9.561964
9.557755
9.558037
9.557607
9.557944
9.557944
9.556803
9.556803
9.556320
9.556711
9.556282
9.556282
9.555854
9.555854
9.555854
9.555854
9.551603
9.551886
9.551886
9.550695
9.550695
9.550695
9.547978
9.548370
9.548370
9.547182
9.547182
9.547182
9.547182
9.542184
9.542184
9.541760
9.541336
9.541336
9.541336
9.538576
9.538914
9.538914
9.537731
9.537731
9.536603
9.536603
9.536181
9.536181
9.536181
9.536181
9.531909
9.532248
9.531828
9.531828
9.531462
9.530988
9.530988
9.530568
9.530148
9.530148
9.530148
9.527511
9.527796
9.527796
9.526674
9.526674
9.525446
9.525446
9.525028
9.525028
9.523153
9.523153
9.522736
9.522736
9.522736
9.522736
9.522736
9.522736
9.522736
9.522736
9.522736
9.522736
9.522736
9.522736
9.522736
9.504926
9.504926
9.504926
9.501345
9.505321
9.507560
9.508813
9.508401
9.508401
9.508401
9.508401
9.504876
9.504626
9.504626
9.504626
9.504626
9.504626
9.504626
9.504626
9.504626
9.504626
9.504626
9.504626
9.504626
9.504626
9.487672
9.487672
9.486572
9.486572
9.485366
9.485366
9.484267
9.484267
9.483062
9.483062
9.483062
9.483062
9.478925
9.478925
9.477776
9.477776
9.476682
9.476682
9.474789
9.474789
9.473643
9.473643
9.473188
9.473188
9.471299
9.471299
9.470208
9.470208
9.469011
9.471450
9.477496
9.477496
9.477496
9.475129
9.474729
9.474729
9.474729
9.474729
9.474729
9.474729
9.474729
9.474729
9.474729
9.474729
9.474729
9.474729
9.474729
9.474729
9.474729
9.454364
9.454364
9.454364
9.452490
9.452490
9.452490
9.452490
9.447610
9.447610
9.447610
9.445003
9.445003
9.444558
9.444219
9.444219
9.443827
9.443827
9.442014
9.442014
9.441571
9.441571
9.441571
9.441571
9.441571
9.436027
9.436374
9.436374
9.435302
9.436992
9.440918
9.440918
9.440918
9.440918
9.440918
9.440918
9.440918
9.440918
9.440918
9.440918
9.427784
9.427784
9.427397
9.427063
9.427063
9.427063
9.425160
9.424827
9.424827
9.424827
9.422194
9.422194
9.421078
9.421078
9.419963
9.419963
9.419963
9.419963
9.416657
9.416657
9.416657
9.414136
9.414136
9.414136
9.414136
9.414136
9.407921
9.407921
9.406760
9.406760
9.406380
9.406380
9.404545
9.404545
9.404545
9.404545
9.404545
9.404545
9.404545
9.404545
9.404545
9.404545
9.404545
9.404545
9.404545
9.404545
9.404545
9.404545
9.404545
9.382439
9.382439
9.382439
9.379895
9.379895
9.378076
9.378076
9.378076
9.376258
9.376258
9.376258
9.373719
9.373719
9.371853
9.371853
9.371853
9.371853
9.367876
9.367876
9.367876
9.366066
9.366066
9.364257
9.364867
9.364867
9.365572
9.365572
9.364948
9.364948
9.364948
9.363545
9.363545
9.363127
9.363127
9.362041
9.362041
9.362041
9.362041
9.362041
9.355980
9.355980
9.355980
9.354181
9.354181
9.354181
9.350948
9.350948
9.349869
9.349869
9.349869
9.348023
9.348023
9.346075
9.346075
9.345203
9.345203
9.345203
9.343412
9.343412
9.342336
9.342336
9.340496
9.340496
9.340496
9.337995
9.337995
9.337636
9.337277
9.337277
9.337277
9.335492
9.335492
9.335492
9.333047
9.333047
9.333047
9.330553
9.330553
9.328722
9.328722
9.327706
9.327706
9.327706
9.325877
9.325877
9.324812
9.324457
9.324457
9.323443
9.323443
9.323443
9.323443
9.319490
9.319490
9.319490
9.317719
9.317719
9.316657
9.316657
9.316657
9.314231
9.313828
9.313828
9.313477
9.313477
9.312418
9.312418
9.311360
9.311360
9.311360
9.316879
9.316879
9.316879
9.316879
9.316879
9.316879
9.316879
9.316879
9.316879
9.316879
9.316879
9.316879
9.316879
9.316879
9.299742
9.299742
9.297937
9.297937
9.296987
9.296987
9.296987
9.295234
9.295234
9.295234
9.292729
9.292729
9.292729
9.289625
9.289625
9.288478
9.288836
9.289244
9.289244
9.288901
9.288901
9.288901
9.288901
9.288901
9.288901
9.288901
9.288901
9.288901
9.288901
9.288901
9.288901
9.288901
9.288901
9.270357
9.270357
9.270357
9.270357
9.267225
9.267225
9.267225
9.264794
9.264794
9.263760
9.263760
9.263760
9.263760
9.263760
9.263760
9.256458
9.256458
9.256458
9.254036
9.254036
9.254036
9.253616
9.257877
9.257877
9.256897
9.256563
9.256563
9.256228
9.255894
9.255894
9.254866
9.254866
9.254866
9.253144
9.253144
9.252167
9.252167
9.252167
9.252167
9.247625
9.247625
9.247625
9.245958
9.245958
9.244242
9.244242
9.243220
9.243220
9.242198
9.242198
9.241127
9.241127
9.240107
9.240107
9.249297
9.249297
9.249213
9.248882
9.248882
9.248882
9.247169
9.247169
9.246148
9.245818
9.245818
9.245818
9.244108
9.243828
9.243828
9.242809
9.242809
9.242809
9.240314
9.240314
9.240314
9.240314
9.240314
9.240314
9.240314
9.240314
9.240314
9.240314
9.240314
9.240314
9.240314
9.240314
9.222898
9.222898
9.222526
9.222202
9.222202
9.221242
9.221242
9.220184
9.220184
9.219177
9.219177
9.219177
9.217485
9.217485
9.216478
9.216157
9.216157
9.215151
9.215151
9.215151
9.213512
9.213512
9.211824
9.211824
9.211824
9.211824
9.208773
9.208773
9.207041
9.207041
9.207041
9.204676
9.204676
9.204676
9.204676
9.204676
9.204676
9.204676
9.199079
9.199079
9.198276
9.198276
9.196648
9.196648
9.196648
9.196648
9.193614
9.193614
9.191940
9.191940
9.191940
9.191940
9.191940
9.191940
9.191940
9.191940
9.191940
9.191940
9.191940
9.191940
9.191940
9.191940
9.191940
9.174010
9.174010
9.172348
9.172348
9.172348
9.170012
9.170012
9.170012
9.170012
9.167003
9.167003
9.165298
9.165298
9.165298
9.165298
9.162342
9.162342
9.162342
9.162342
9.157947
9.157947
9.156968
9.156968
9.156968
9.154645
9.154645
9.154645
9.154645
9.151029
9.151029
9.151029
9.151029
9.148887
9.149879
9.149671
9.150806
9.150806
9.149832
9.149577
9.149577
9.149577
9.147071
9.147583
9.147583
9.147583
9.147583
9.144602
9.144602
9.144602
9.144602
9.144602
9.144602
9.144602
9.144602
9.144602
9.144602
9.132983
9.132983
9.136032
9.137354
9.137354
9.135816
9.135816
9.135816
9.133516
9.133516
9.132598
9.132598
9.131634
9.131634
9.130623
9.130623
9.130623
9.130623
9.127662
9.127366
9.127366
9.127366
9.127366
9.123744
9.123744
9.122832
9.122832
9.121825
9.121825
9.120914
9.120914
9.120914
9.119244
9.119244
9.119244
9.119244
9.115682
9.115682
9.115682
9.115682
9.112029
9.112029
9.111074
9.110783
9.110783
9.111759
9.117491
9.117491
9.117491
9.117491
9.117491
9.117491
9.117491
9.117491
9.117491
9.117491
9.117491
9.117491
9.103460
9.103460
9.102511
9.102511
9.101562
9.101562
9.100661
9.100661
9.100661
9.098349
9.098349
9.098349
9.098349
9.094769
9.094769
9.093824
9.093824
9.092927
9.094514
9.094509
9.098250
9.098808
9.098808
9.097816
9.097816
9.097575
9.097241
9.097241
9.097241
9.097241
9.095120
9.096380
9.096380
9.094828
9.094828
9.094828
9.094828
9.092663
9.093314
9.093314
9.093314
9.093314
9.093314
9.093314
9.093314
9.093314
9.093314
9.093314
9.093314
9.093314
9.093314
9.093314
9.093314
9.075367
9.075367
9.075367
9.076668
9.082348
9.082811
9.083228
9.082945
9.082945
9.082663
9.082663
9.082663
9.082663
9.078467
9.078838
9.079208
9.079578
9.079578
9.078692
9.078692
9.078410
9.078410
9.078410
9.075479
9.075479
9.075199
9.084944
9.084944
9.084944
9.084944
9.084944
9.084944
9.084944
9.084944
9.084944
9.084944
9.084944
9.084944
9.071662
9.072032
9.072032
9.078421
9.078421
9.078421
9.078421
9.078421
9.078421
9.078421
9.078421
9.078421
9.078421
9.078421
9.066242
9.066242
9.065272
9.065272
9.065041
9.064764
9.064764
9.063841
9.063841
9.063841
9.061626
9.061626
9.061304
9.061304
9.061304
9.060107
9.060107
9.059832
9.059832
9.059696
9.060296
9.060296
9.060021
9.059746
9.060116
9.060116
9.059242
9.059242
9.058277
9.058277
9.057405
9.057405
9.056441
9.056441
9.056167
9.056167
9.054607
9.054607
9.054334
9.054106
9.054106
9.054106
9.051814
9.051814
9.050945
9.050945
9.050673
9.050401
9.050401
9.049487
9.049487
9.049261
9.049261
9.048348
9.048077
9.048077
9.048077
9.048077
9.045242
9.044972
9.044972
9.044016
9.044016
9.043151
9.043151
9.043151
9.041602
9.041602
9.040008
9.040972
9.040972
9.040972
9.038877
9.039202
9.039202
9.038294
9.038664
9.038396
9.038766
9.038766
9.038543
9.038543
9.037637
9.037369
9.037369
9.037369
9.035735
9.036151
9.035929
9.035929
9.035929
9.033614
9.034712
9.034712
9.033035
9.034178
9.034178
9.033275
9.033275
9.033275
9.031101
9.030835
9.030835
9.030835
9.030835
9.028073
9.027808
9.027808
9.027808
9.025639
9.025639
9.025329
9.025065
9.025065
9.024846
9.024846
9.023224
9.023224
9.023224
9.023224
9.023224
9.023224
9.023224
9.023224
9.023224
9.023224
9.023224
9.023224
9.023224
9.023224
9.023224
9.006606
9.006606
9.006606
9.003778
9.003778
9.003778
9.002258
9.002258
9.002258
9.002258
8.999671
8.999671
8.998963
8.998963
8.998706
8.998706
8.997235
8.997235
8.997235
8.995675
8.995675
8.994834
8.994834
8.994834
8.994834
8.990764
8.990764
8.992778
8.992778
8.992778
8.992778
8.992778
8.992778
8.987234
8.987234
8.986353
8.986353
8.988948
8.993704
8.994344
8.994715
8.994715
8.994459
8.994459
8.992951
8.993322
8.993322
8.993112
8.993112
8.991560
8.991560
8.991560
8.991560
8.988847
8.988847
8.988847
8.986450
8.986450
8.986450
8.987118
8.987534
8.987534
8.987280
8.987280
8.987280
8.987280
8.987280
8.987280
8.981456
8.981456
8.981456
8.979334
8.979334
8.978415
8.978415
8.977585
8.977585
8.977585
8.977585
8.977585
8.977585
8.977585
8.977585
8.977585
8.977585
8.977585
8.977585
8.977585
8.962417
8.962417
8.962417
8.960929
8.960929
8.959443
8.959443
8.959443
8.957957
8.957957
8.957091
8.957091
8.956182
8.956182
8.954743
8.954743
8.954743
8.952598
8.952598
8.952598
8.951161
8.951161
8.950299
8.950299
8.948820
8.948820
8.948820
8.948820
8.948820
8.948820
8.943596
8.943354
8.943354
8.942539
8.942539
8.942253
8.942253
8.940823
8.940823
8.940823
8.940823
8.940823
8.940823
8.940823
8.940823
8.940823
8.940823
8.940823
8.940823
8.940823
8.940823
8.940823
8.924558
8.924558
8.924915
8.928319
8.928319
8.928319
8.928319
8.928319
8.928319
8.928319
8.928319
8.928319
8.928319
8.928319
8.928319
8.915219
8.915219
8.915219
8.915219
8.912495
8.912495
8.912495
8.909817
8.909817
8.909817
8.907752
8.907752
8.907752
8.907752
8.904513
8.904513
8.904513
8.902452
8.902452
8.902452
8.902452
8.902452
8.898523
8.898523
8.897684
8.897684
8.896280
8.896280
8.896280
8.896280
8.893618
8.893618
8.892130
8.892130
8.892130
8.892130
8.892130
8.888259
8.888259
8.888259
8.888259
8.888259
8.888259
8.888259
8.888259
8.888259
8.888259
8.888259
8.888259
8.888259
8.888259
8.888259
8.871684
8.871684
8.871684
8.872433
8.872433
8.871993
8.871811
8.871811
8.871811
8.870337
8.870337
8.868949
8.868949
8.868949
8.866916
8.866916
8.866916
8.864842
8.864842
8.864842
8.863458
8.863458
8.861989
8.861989
8.861989
8.861989
8.861989
8.857600
8.857600
8.857600
8.856134
8.856134
8.856134
8.856134
8.856134
8.851711
8.851711
8.850892
8.855412
8.855412
8.854592
8.854592
8.853815
8.853815
8.852996
8.852996
8.852996
8.850936
8.850936
8.850936
8.848963
8.848963
8.848963
8.846950
8.846950
8.846950
8.845535
8.845535
8.844079
8.844079
8.844079
8.842112
8.842112
8.841256
8.841256
8.841256
8.839888
8.839888
8.838479
8.838479
8.838220
8.838220
8.836855
8.836855
8.836855
8.835405
8.835405
8.834594
8.834594
8.834594
8.832041
8.832041
8.831189
8.831189
8.830423
8.830423
8.830423
8.830423
8.827832
8.827832
8.827024
8.827024
8.826175
8.826175
8.825369
8.825369
8.824605
8.824605
8.823164
8.823164
8.823164
8.823164
8.823164
8.823164
8.823164
8.823164
8.823164
8.823164
8.823164
8.823164
8.823164
8.809378
8.809378
8.809378
8.809298
8.812428
8.812428
8.811628
8.811628
8.810828
8.810828
8.810071
8.810071
8.809272
8.809272
8.808474
8.808474
8.807633
8.807633
8.806878
8.806878
8.806878
8.805449
8.812873
8.812873
8.812873
8.811611
8.811487
8.811487
8.811278
8.811278
8.811278
8.811278
8.811278
8.811278
8.811278
8.811278
8.811278
8.811278
8.811278
8.811278
8.811278
8.811278
8.811278
8.794569
8.794569
8.793778
8.793778
8.793778
8.791857
8.791857
8.791857
8.790481
8.790481
8.789650
8.789650
8.788861
8.788861
8.788072
8.788072
8.787284
8.787081
8.787081
8.786294
8.786294
8.785507
8.785507
8.784762
8.784762
8.784762
8.783350
8.783350
8.782439
8.782439
8.781196
8.781196
8.781196
8.781196
8.778079
8.778079
8.778079
8.776130
8.776130
8.776130
8.776130
8.776130
8.776130
8.776130
8.776130
8.776130
8.776130
8.776130
8.776130
8.776130
8.776130
8.776130
8.760853
8.761870
8.763963
8.763963
8.763963
8.762730
8.762730
8.762730
8.762730
8.762730
8.762730
8.762730
8.762730
8.762730
8.762730
8.762730
8.750947
8.750947
8.750947
8.749018
8.749018
8.749018
8.747709
8.747709
8.748065
8.751818
8.752284
8.752284
8.751554
8.751554
8.751554
8.749627
8.749627
8.748856
8.748856
8.748856
8.748856
8.745779
8.745779
8.745010
8.745010
8.744200
8.744200
8.745173
8.750918
8.750918
8.750725
8.750725
8.750725
8.750725
8.750725
8.750725
8.750725
8.750725
8.750725
8.750725
8.750725
8.750725
8.738449
8.738449
8.737109
8.737109
8.736919
8.736919
8.736155
8.736155
8.735391
8.735201
8.735201
8.734479
8.734479
8.734479
8.732570
8.732570
8.732570
8.732570
8.730048
8.729860
8.729860
8.729860
8.729860
8.727382
8.727382
8.727382
8.727382
8.727382
8.727382
8.727382
8.727382
8.727382
8.727382
8.727382
8.727382
8.715199
8.715199
8.714443
8.715987
8.718468
8.718078
8.718078
8.718078
8.718078
8.718078
8.718078
8.718078
8.718078
8.718078
8.718078
8.718078
8.718078
8.706506
8.706506
8.705186
8.705186
8.710400
8.710400
8.710338
8.710155
8.710155
8.709444
8.709444
8.709444
8.709444
8.709444
8.709444
8.704152
8.704152
8.703929
8.703929
8.703220
8.702998
8.702998
8.702249
8.702249
8.702249
8.702249
8.702249
8.702249
8.702249
8.702249
8.702249
8.702249
8.702249
8.702249
8.690751
8.692330
8.695908
8.695889
8.695889
8.695889
8.695889
8.695889
8.695889
8.695889
8.695889
8.695889
8.695889
8.695889
8.695889
8.695889
8.683337
8.683337
8.683337
8.681430
8.681430
8.680167
8.680167
8.680167
8.678303
8.678303
8.678303
8.676962
8.676585
8.678562
8.679470
8.680016
8.680402
8.680402
8.680402
8.678540
8.678540
8.677842
8.677842
8.677842
8.677842
8.674820
8.674645
8.674645
8.674470
8.674470
8.673775
8.673775
8.673039
8.673039
8.672264
8.672264
8.671530
8.671530
8.670236
8.670236
8.670236
8.670236
8.667265
8.667265
8.667091
8.667091
8.665800
8.665800
8.665667
8.665667
8.664377
8.664377
8.664377
8.664377
8.664377
8.660258
8.660258
8.660086
8.659914
8.659914
8.659743
8.659743
8.659743
8.657900
8.657900
8.656654
8.656654
8.656444
8.656444
8.655160
8.655160
8.655160
8.655160
8.655160
8.651652
8.651652
8.650927
8.650927
8.650927
8.648575
8.648575
8.648406
8.648406
8.647127
8.647127
8.647127
8.645849
8.645849
8.645849
8.644017
8.644017
8.642701
8.642701
8.642701
8.642701
8.642701
8.638657
8.638657
8.637937
8.637937
8.637217
8.637217
8.637217
8.637217
8.634286
8.634286
8.634286
8.633055
8.633055
8.632298
8.632298
8.631620
8.631620
8.630233
8.630233
8.630233
8.630233
8.630233
8.630233
8.630233
8.630233
8.630233
8.630233
8.630233
8.630233
8.630233
8.618066
8.618066
8.618066
8.618066
8.614605
8.614605
8.613855
8.613855
8.613855
8.612046
8.612046
8.611885
8.611725
8.611725
8.612736
8.615119
8.615119
8.615385
8.615385
8.615385
8.615385
8.615385
8.615385
8.615385
8.615385
8.615385
8.615385
8.615385
8.615385
8.615385
8.602936
8.602936
8.602936
8.602936
8.599496
8.599496
8.598792
8.598792
8.598792
8.597581
8.597581
8.596839
8.596839
8.596136
8.596136
8.596136
8.594342
8.594342
8.594342
8.594342
8.591460
8.591460
8.590214
8.590214
8.590214
8.589008
8.589008
8.589008
8.589008
8.586093
8.586093
8.588970
8.589592
8.589592
8.589514
8.589359
8.589359
8.588660
8.588660
8.588505
8.588505
8.587807
8.587807
8.587109
8.587109
8.587109
8.587109
8.587109
8.583155
8.583155
8.582497
8.582497
8.581259
8.581259
8.581259
8.581259
8.581259
8.577855
8.577855
8.577122
8.577122
8.576429
8.576429
8.575735
8.575735
8.575081
8.575081
8.574349
8.574349
8.573117
8.573117
8.573117
8.571885
8.571772
8.571772
8.571772
8.570541
8.570541
8.569850
8.569850
8.569122
8.569122
8.567931
8.567931
8.567203
8.567203
8.566514
8.568600
8.568600
8.569878
8.569878
8.569878
8.569878
8.569878
8.569878
8.569878
8.569878
8.561999
8.561999
8.561350
8.561350
8.560626
8.560626
8.560626
8.559403
8.559403
8.558717
8.558569
8.558569
8.558569
8.556811
8.556811
8.556127
8.556127
8.555979
8.555979
8.555296
8.555148
8.555148
8.555001
8.555001
8.556894
8.558781
8.558781
8.558781
8.558781
8.558781
8.558781
8.558781
8.558781
8.558781
8.558781
8.558781
8.558781
8.547738
8.547738
8.547059
8.547059
8.547059
8.545273
8.545273
8.544594
8.544594
8.543915
8.543771
8.543771
8.543771
8.543771
8.543771
8.543771
8.543771
8.543771
8.543771
8.543771
8.543771
8.543771
8.543771
8.543771
8.530843
8.530843
8.534225
8.534225
8.534225
8.532791
8.532687
8.532687
8.532687
8.530875
8.531302
8.531302
8.531160
8.531019
8.531019
8.530384
8.530384
8.530384
8.530384
8.527590
8.527590
8.527590
8.526389
8.533267
8.533267
8.533314
8.533314
8.533314
8.531620
8.531620
8.530381
8.530769
8.530769
8.530769
8.530769
8.530769
8.530769
8.530769
8.530769
8.530769
8.530769
8.530769
8.530769
8.530769
8.530769
8.530769
8.530769
8.530769
8.514278
8.514278
8.514103
8.514103
8.513437
8.513337
8.513337
8.513337
8.513337
8.513337
8.513337
8.513337
8.513337
8.513337
8.513337
8.513337
8.513337
8.513337
8.513337
8.513337
8.498991
8.498991
8.498991
8.498991
8.496231
8.496231
8.496231
8.496231
8.496231
8.492387
8.492387
8.491729
8.493746
8.493746
8.493746
8.493746
8.493746
8.493746
8.493746
8.488187
8.488187
8.488187
8.485961
8.485961
8.486930
8.489281
8.489281
8.489281
8.489281
8.489281
8.489281
8.489281
8.489281
8.489281
8.489281
8.489281
8.489281
8.477991
8.477991
8.477991
8.475775
8.475775
8.475775
8.474603
8.474603
8.474603
8.474603
8.471906
8.471906
8.471906
8.471906
8.469138
8.471725
8.472265
8.472265
8.472173
8.472173
8.472173
8.472173
8.472173
8.472173
8.472173
8.472173
8.472173
8.472173
8.472173
8.461618
8.461618
8.460972
8.460972
8.460364
8.460364
8.460364
8.460364
8.460364
8.460364
8.460364
8.460364
8.460364
8.460364
8.460364
8.460364
8.460364
8.460364
8.460364
8.460364
8.460364
8.444161
8.444161
8.444726
8.446654
8.447158
8.447158
8.447158
8.446001
8.446001
8.445362
8.445362
8.445362
8.445362
8.442181
8.442181
8.442181
8.442181
8.442181
8.438967
8.438967
8.438294
8.438294
8.438294
8.438294
8.438294
8.438294
8.438294
8.438294
8.438294
8.438294
8.438294
8.438294
8.438294
8.438294
8.438294
8.438294
8.438294
8.438294
8.438294
8.421284
8.424626
8.424626
8.424626
8.422676
8.422676
8.422676
8.421021
8.421021
8.421021
8.421021
8.418892
8.418892
8.417714
8.417714
8.417714
8.417714
8.415551
8.415551
8.414448
8.414448
8.413784
8.413784
8.413784
8.413784
8.411077
8.411077
8.410997
8.410997
8.410997
8.410997
8.410997
8.410997
8.410997
8.410997
8.410997
8.410997
8.410997
8.410997
8.410997
8.410997
8.410997
8.410997
8.410997
8.397119
8.399216
8.399216
8.399216
8.399216
8.399216
8.399216
8.399216
8.399216
8.399216
8.399216
8.399216
8.399216
8.399216
8.399216
8.399216
8.399216
8.399216
8.399216
8.382902
8.382902
8.382902
8.382902
8.382902
8.380295
8.381809
8.382349
8.382349
8.382349
8.381191
8.381191
8.380575
8.380575
8.379454
8.379454
8.379454
8.378334
8.378334
8.378836
8.381861
8.381861
8.381246
8.381246
8.381246
8.379585
8.379585
8.379475
8.379475
8.379475
8.379475
8.379475
8.375836
8.375727
8.375727
8.375150
8.375150
8.374538
8.374538
8.374393
8.374393
8.373314
8.373314
8.373314
8.372163
8.372163
8.371588
8.371588
8.370977
8.370977
8.369828
8.369828
8.369828
8.368213
8.368213
8.367604
8.367604
8.367031
8.367031
8.366422
8.366422
8.366422
8.366422
8.370652
8.370652
8.370652
8.371046
8.370938
8.371332
8.371332
8.371224
8.371618
8.371618
8.371009
8.371402
8.371295
8.371295
8.370686
8.370686
8.370686
8.369112
8.369112
8.369112
8.369112
8.366967
8.367361
8.367361
8.366754
8.366754
8.366147
8.366147
8.365077
8.365077
8.364935
8.364935
8.364364
8.364364
8.363759
8.363759
8.363759
8.362120
8.362120
8.361551
8.361409
8.361409
8.361340
8.361697
8.361592
8.361592
8.361522
8.361522
8.360918
8.360918
8.360918
8.360918
8.359498
8.359498
8.359498
8.359498
8.359498
8.359498
8.359498
8.359498
8.359498
8.359498
8.359498
8.359498
8.359498
8.359498
8.347140
8.347140
8.347140
8.350526
8.351451
8.351880
8.352273
8.352666
8.352597
8.352955
8.352955
8.352887
8.352887
8.352887
8.351260
8.351652
8.351652
8.351053
8.351053
8.349994
8.349994
8.349361
8.349361
8.349258
8.349686
8.352985
8.352985
8.352985
8.352985
8.352985
8.348745
8.348745
8.348147
8.348575
8.348932
8.348932
8.348829
8.348829
8.348829
8.348829
8.345761
8.345761
8.345659
8.353800
8.354262
8.354262
8.354262
8.352570
8.353067
8.353067
8.353067
8.353067
8.353067
8.353067
8.353067
8.353067
8.353067
8.353067
8.353067
8.353067
8.343062
8.343489
8.345824
8.350591
8.351016
8.351016
8.350914
8.350914
8.350914
8.349333
8.349231
8.349657
8.349657
8.349657
8.348570
8.348433
8.348433
8.348366
8.353654
8.354606
8.354995
8.355420
8.355420
8.355420
8.355420
8.355420
8.355420
8.355420
8.355420
8.348924
8.348787
8.349176
8.349176
8.348618
8.348618
8.348618
8.348618
8.346553
8.346451
8.346451
8.346451
8.346451
8.344353
8.344742
8.344676
8.345066
8.345066
8.344965
8.344864
8.350588
8.350588
8.350136
8.350490
8.350878
8.350878
8.350776
8.351199
8.351097
8.351485
8.351485
8.350858
8.351246
8.351634
8.352021
8.352409
8.352796
8.352796
8.352796
8.351750
8.352979
8.353366
8.353788
8.353788
8.354527
8.354527
8.353936
8.353936
8.353936
8.353936
8.353936
8.353936
8.353936
8.353936
8.353936
8.347029
8.347029
8.347029
8.347029
8.347029
8.347029
8.347029
8.347029
8.347029
8.347029
8.338153
8.338153
8.338019
8.337955
8.337955
8.337821
8.337821
8.337235
8.337622
8.337489
8.337911
8.338298
8.338685
8.338685
8.338685
8.338685
8.336642
8.336543
8.336543
8.336479
8.336479
8.336479
8.334923
8.334923
8.333819
8.333819
8.333721
8.334108
8.334010
8.334010
8.333461
8.333461
8.333461
8.332359
8.332359
8.331292
8.331292
8.330606
8.331131
8.331131
8.331131
8.331131
8.329062
8.329062
8.328515
8.328515
8.327900
8.327699
8.328190
8.328576
8.328576
8.327927
8.328866
8.329253
8.329155
8.329155
8.328575
8.328575
8.328575
8.327512
8.327512
8.326484
8.326484
8.325870
8.325870
8.325291
8.325712
8.325712
8.325712
8.324616
8.325037
8.325037
8.325037
8.323460
8.323364
8.323364
8.322787
8.322787
8.322209
8.322209
8.322209
8.322209
8.322209
8.322209
8.322209
8.322209
8.322209
8.322209
8.322209
8.322209
8.322209
8.322209
8.322209
8.309611
8.309518
8.309518
8.309518
8.308465
8.308465
8.307926
8.307799
8.307799
8.310090
8.314650
8.314650
8.314650
8.313220
8.313708
8.313580
8.313580
8.313487
8.313427
8.313427
8.313427
8.313427
8.313427
8.309946
8.309946
8.309853
8.309853
8.309247
8.309667
8.310053
8.309960
8.309960
8.309422
8.309422
8.309330
8.309330
8.308724
8.309144
8.309144
8.308539
8.308924
8.308924
8.307876
8.307876
8.307876
8.306385
8.306385
8.306259
8.306259
8.305724
8.305724
8.305121
8.305121
8.304586
8.304494
8.304494
8.303891
8.303891
8.303800
8.303800
8.303266
8.303266
8.302664
8.302573
8.302573
8.302573
8.301087
8.301087
8.300996
8.300996
8.300996
8.300996
8.298527
8.298402
8.298402
8.298402
8.296920
8.296920
8.296795
8.296795
8.296264
8.296140
8.296140
8.298448
8.298448
8.298448
8.298448
8.298448
8.298448
8.294357
8.294267
8.294267
8.293703
8.293703
8.293614
8.293614
8.292577
8.292577
8.292577
8.291574
8.291451
8.291451
8.291451
8.291451
8.291451
8.288082
8.288433
8.288433
8.287872
8.288290
8.288290
8.288202
8.288552
8.288464
8.288464
8.288464
8.286992
8.286992
8.286904
8.286782
8.286782
8.286727
8.286727
8.286134
8.286518
8.286518
8.285992
8.285992
8.285398
8.285311
8.285311
8.285257
8.285607
8.285607
8.285081
8.284994
8.284994
8.284435
8.284435
8.284435
8.284435
8.282430
8.282430
8.281872
8.282256
8.282639
8.282639
8.282082
8.282465
8.282465
8.281908
8.282291
8.282291
8.282291
8.282291
8.279887
8.280237
8.280150
8.282058
8.287531
8.287531
8.286973
8.286973
8.286885
8.286885
8.286328
8.286710
8.286623
8.287005
8.287005
8.286917
8.286917
8.286917
8.286917
8.286917
8.286917
8.286917
8.286917
8.286917
8.286917
8.286917
8.277450
8.277450
8.277397
8.277278
8.277278
8.277278
8.276256
8.276256
8.276256
8.276256
8.276256
8.276256
8.276256
8.276256
8.276256
8.276256
8.276256
8.276256
8.276256
8.276256
8.264487
8.264487
8.263970
8.263970
8.263420
8.263420
8.263420
8.261905
8.261905
8.261905
8.261905
8.259459
8.259875
8.264985
8.266748
8.266748
8.266664
8.266581
8.266581
8.266581
8.266581
8.266581
8.263238
8.263238
8.263155
8.262972
8.262972
8.262972
8.262972
8.262972
8.262972
8.262972
8.262972
8.262972
8.262972
8.262972
8.262972
8.253695
8.253695
8.252719
8.252719
8.252174
8.252174
8.252174
8.250702
8.250702
8.250702
8.250702
8.248305
8.248305
8.247761
8.247761
8.247761
8.247761
8.245367
8.245367
8.245367
8.245367
8.243403
8.243324
8.243324
8.243245
8.243245
8.242736
8.242736
8.242162
8.242162
8.242162
8.240235
8.240235
8.239695
8.239695
8.239695
8.238726
8.238726
8.238726
8.237165
8.237186
8.237186
8.237186
8.235725
8.235725
8.235153
8.235153
8.235153
8.235153
8.235153
8.235153
8.235153
8.235153
8.235153
8.235153
8.235153
8.235153
8.235153
8.235153
8.235153
8.223148
8.223148
8.223148
8.221663
8.221663
8.221128
8.221128
8.221128
8.221128
8.218792
8.218792
8.217767
8.217767
8.217767
8.216776
8.216776
8.216244
8.216244
8.215286
8.215286
8.215286
8.215286
8.212890
8.212890
8.214793
8.215700
8.216181
8.216181
8.215682
8.215682
8.214693
8.214693
8.214162
8.214162
8.214162
8.213174
8.213174
8.213174
8.211273
8.211273
8.211273
8.211273
8.209341
8.209341
8.209341
8.209341
8.206987
8.206987
8.206459
8.206459
8.205475
8.205475
8.204979
8.204979
8.204979
8.203964
8.203964
8.203469
8.203469
8.203469
8.201576
8.201576
8.203767
8.206931
8.207412
8.207794
8.207722
8.207722
8.207194
8.207194
8.207122
8.207122
8.207122
8.207122
8.207122
8.207122
8.207122
8.207122
8.207122
8.207122
8.207122
8.207122
8.207122
8.196635
8.196635
8.195625
8.195625
8.197006
8.201932
8.202315
8.202315
8.202243
8.202243
8.201751
8.201647
8.201647
8.201647
8.200216
8.200598
8.200598
8.200598
8.200598
8.200598
8.200598
8.200598
8.200598
8.200598
8.200598
8.200598
8.200598
8.200598
8.200598
8.200598
8.188766
8.188766
8.188245
8.188209
8.188209
8.187656
8.187656
8.187656
8.187656
8.185783
8.185714
8.185714
8.185195
8.185195
8.185195
8.185195
8.185195
8.185195
8.181522
8.181522
8.181004
8.187191
8.188152
8.188152
8.188152
8.188152
8.188152
8.188152
8.188152
8.188152
8.188152
8.188152
8.188152
8.188152
8.188152
8.188152
8.176419
8.176419
8.180769
8.182688
8.182688
8.182688
8.182688
8.182688
8.182688
8.182688
8.182688
8.182688
8.182688
8.182688
8.182688
8.182688
8.182688
8.171435
8.171435
8.173349
8.175010
8.175808
8.176317
8.176317
8.175803
8.175768
8.175768
8.175768
8.175768
8.175768
8.175768
8.175768
8.175768
8.175768
8.175768
8.175768
8.175768
8.166307
8.166307
8.166880
8.168601
8.170290
8.171182
8.171116
8.171116
8.171116
8.170157
8.170124
8.170124
8.170027
8.169993
8.169993
8.169482
8.169482
8.169417
8.169417
8.169417
8.168013
8.167948
8.167948
8.167406
8.167406
8.167406
8.166450
8.166385
8.166385
8.165907
8.165907
8.165843
8.165843
8.164888
8.164888
8.164823
8.164759
8.164759
8.164663
8.164599
8.164599
8.164599
8.164599
8.164599
8.164599
8.164599
8.164599
8.164599
8.164599
8.164599
8.164599
8.164599
8.164599
8.164599
8.164599
8.164599
8.150770
8.150770
8.150265
8.150265
8.150203
8.150203
8.149698
8.149698
8.149698
8.149698
8.149698
8.149698
8.149698
8.149698
8.149698
8.149698
8.149698
8.140789
8.140789
8.140789
8.139877
8.139877
8.138902
8.138902
8.138902
8.138902
8.138902
8.136194
8.136194
8.135725
8.135725
8.135725
8.135725
8.133430
8.133430
8.132931
8.132931
8.132931
8.131582
8.131582
8.131582
8.131582
8.131582
8.131582
8.131582
8.131582
8.131582
8.131582
8.131582
8.131582
8.131582
8.131582
8.131582
8.131582
8.118302
8.118302
8.118302
8.120460
8.121093
8.121093
8.120597
8.120597
8.120597
8.120597
8.118348
8.118348
8.118348
8.117008
8.117008
8.117008
8.115638
8.115638
8.115638
8.114675
8.114675
8.114675
8.113306
8.113306
8.113306
8.111970
8.111970
8.111970
8.113655
8.114662
8.114700
8.114700
8.114700
8.113770
8.113770
8.113770
8.112404
8.112404
8.112404
8.112404
8.112404
8.112404
8.112404
8.112404
8.112404
8.112404
8.112404
8.112404
8.112404
8.112404
8.101006
8.101006
8.101006
8.100082
8.100082
8.100082
8.098692
8.098692
8.098692
8.097334
8.097334
8.096443
8.096443
8.096443
8.096443
8.096443
8.096443
8.092883
8.092883
8.091993
8.091993
8.095416
8.095416
8.095416
8.095416
8.095416
8.095416
8.095416
8.095416
8.095416
8.095416
8.095416
8.087399
8.087399
8.087399
8.086048
8.086048
8.086048
8.086048
8.083338
8.083338
8.082886
8.082886
8.082886
8.081971
8.081971
8.081056
8.081056
8.081056
8.081056
8.078876
8.078876
8.078876
8.078876
8.077068
8.077068
8.076587
8.076587
8.076587
8.074812
8.074812
8.074332
8.074332
8.073883
8.073883
8.073883
8.072941
8.072941
8.072941
8.072941
8.070769
8.072089
8.074806
8.074806
8.074806
8.073773
8.073848
8.073848
8.073848
8.072508
8.072508
8.072460
8.072412
8.072412
8.071933
8.071933
8.071933
8.071933
8.070165
8.070165
8.069719
8.069640
8.069640
8.069163
8.069163
8.069163
8.067827
8.067827
8.067381
8.067381
8.067381
8.068711
8.068711
8.068711
8.068711
8.068711
8.068711
8.064588
8.064588
8.064588
8.063287
8.063287
8.063287
8.063287
8.061527
8.061527
8.061527
8.061527
8.058881
8.058881
8.058866
8.058866
8.058866
8.058866
8.058866
8.055827
8.055827
8.057126
8.060104
8.060104
8.060149
8.060134
8.060546
8.060546
8.060470
8.060851
8.060851
8.060408
8.060408
8.059905
8.059905
8.059905
8.058578
8.058578
8.058106
8.058060
8.058060
8.058015
8.058000
8.064277
8.064277
8.064277
8.063621
8.064001
8.063955
8.064366
8.064366
8.064319
8.064699
8.064699
8.063739
8.064119
8.064119
8.064103
8.064103
8.063205
8.063584
8.063584
8.063569
8.063918
8.063918
8.063918
8.063918
8.063918
8.063171
8.063733
8.063687
8.064096
8.064096
8.064096
8.064096
8.064096
8.064096
8.064096
8.064096
8.064096
8.064096
8.064096
8.064096
8.064096
8.064096
8.053821
8.053821
8.053352
8.053352
8.059979
8.060601
8.061010
8.061389
8.061343
8.061722
8.061722
8.061722
8.060827
8.060827
8.059964
8.065158
8.065158
8.065158
8.065158
8.065158
8.062628
8.063006
8.063384
8.063368
8.063368
8.063368
8.062444
8.066649
8.066649
8.066649
8.066649
8.064363
8.064740
8.064740
8.063817
8.064164
8.064164
8.064179
8.064133
8.064133
8.064133
8.064133
8.062334
8.062771
8.062695
8.063072
8.063449
8.063449
8.064203
8.064203
8.064203
8.064203
8.064203
8.064203
8.064203
8.064203
8.064203
8.064203
8.064203
8.056164
8.056164
8.055697
8.055697
8.055697
8.054809
8.054809
8.054313
8.054313
8.053877
8.053833
8.053833
8.053338
8.053338
8.052902
8.052902
8.052437
8.052437
8.052437
8.051131
8.051131
8.050666
8.051013
8.051013
8.051013
8.051013
8.049287
8.049244
8.049621
8.049621
8.049621
8.048767
8.048767
8.055124
8.055124
8.055124
8.055124
8.055124
8.055124
8.055124
8.055124
8.055124
8.055124
8.055124
8.048347
8.048347
8.048347
8.048347
8.048347
8.046583
8.046583
8.046540
8.046527
