-64.811
-57.4931
-54.33
-45.7201
-47.1483
-51.4142
-46.331
-54.8297
-52.802
-59.4786
-53.7551
-63.4925
-56.7905
-57.5956
-64.0102
-58.5889
-59.8317
-46.5776
-66.834
-36.4039
-67.4942
-64.0593
-60.5778
-51.8903
-52.2879
-55.5088
-52.3084
-40.0504
-49.3886
-37.3759
-49.7519
-36.0404
-30.6894
-41.8809
-45.04
-34.4426
-42.3663
-51.8649
-10.9418
-38.3179
-29.8875
-35.1837
-27.3489
-23.3165
-26.1949
-23.6923
-28.7007
-19.8785
-13.9789
-18.3937
-20.4878
-25.9919
-12.2377
-20.6144
-22.2875
-30.296
-19.4146
-19.7043
-22.0525
-32.8151
-26.0602
-35.4872
-35.4026
-54.7829
-54.3927
-42.5271
-45.2385
-39.2183
-44.3145
-42.4175
-39.9448
-48.4552
-46.7753
-49.8101
-51.2315
-48.7784
-62.0914
-20.572
-57.9905
-56.7786
-44.6763
-62.0123
-70.5638
-63.65
-38.6761
-59.522
-62.4802
-57.4129
-52.3411
-24.6293
-56.9046
-53.3891
-58.1813
-60.299
-49.4905
-61.2216
-47.1439
-55.5566
-59.669
-39.669
-54.777
-44.4109
-54.0318
-56.6417
-54.242
-56.9153
-55.4501
-55.3711
-47.5479
-46.9688
-37.0781
-54.3496
-53.6429
-48.1305
-60.6656
-31.6644
-53.1684
-55.0195
-60.5365
-56.4296
-66.1365
-60.8549
-75.7182
-56.942
-76.4177
-44.2615
-56.4863
-57.6217
-37.6435
-47.7698
-49.4318
-50.786
-45.0109
-38.013
-36.6545
-38.002
-36.5282
-49.116
-49.7128
-38.488
-36.7649
-24.9921
-30.7122
-28.134
-20.35
-30.8567
-25.0576
-20.7214
-22.6896
-16.518
-23.6454
-18.2441
-25.6725
-22.6366
-26.1911
-24.2469
-23.1754
-23.3349
-24.2323
-28.1217
-32.6112
-27.8675
-36.9631
-54.4967
-36.6247
-45.3853
-40.4957
-38.2306
-41.2645
-40.4492
-41.7778
-50.5759
-38.3193
-47.5981
-48.5178
-24.2272
-58.834
-42.7796
-59.9882
-44.8322
-76.1824
-42.1631
-58.1831
-61.388
-56.8105
-48.2831
-45.9423
-51.9207
-50.1754
-48.6908
-45.4649
-43.7681
-49.0225
-53.2835
-49.139
-51.941
-56.6792
-56.3371
-36.1868
-60.1934
-56.8537
-69.065
-65.5434
-30.3256
-55.0985
-60.776
-60.222
-49.4152
-54.1087
-53.9004
-50.2061
-41.0836
-50.2672
-52.8873
-43.802
-49.3258
-55.4051
-45.6722
-48.5884
-44.4487
-57.4792
-58.7365
-62.8308
-51.5354
-61.503
-51.662
-60.1207
-35.2462
-48.8297
-47.0422
-50.0638
-54.2398
-45.7972
-45.7246
-37.5423
-45.131
-52.7577
-24.3186
-50.4401
-42.3151
-51.5458
-35.8867
-36.1761
-35.9177
-19.1325
-26.5426
-33.0875
-18.618
-19.9732
-18.4964
-13.0786
-20.2215
-10.624
-21.2596
-20.6498
-18.0854
-30.7253
-21.7769
-25.5678
-27.2794
-33.7367
-30.0122
-38.5736
-32.3046
-38.468
-44.4137
-41.5716
-42.2696
-39.1389
-44.3588
-39.5195
-33.0076
-32.2566
-45.6522
-48.5455
-20.6165
-54.9162
-66.6549
-25.7438
-46.3882
-56.1813
-61.3546
-74.6521
-54.6798
-56.4415
-48.1171
-54.7761
-51.2226
-45.8414
-60.916
-50.8654
-48.3082
-44.2591
-52.4723
-49.5093
-60.5719
-50.2613
-49.1688
-44.9049
-55.5961
-56.9133
-52.7287
-59.1246
-51.254
-64.9731
-54.817
-59.1965
-53.9816
-59.7817
-55.3652
-60.9523
-52.385
-53.5716
-49.5325
-47.7119
-44.8392
-56.6176
-51.426
-56.0898
-41.2133
-53.8589
-44.585
-53.5733
-66.1353
-61.0722
-46.6302
-12.1244
-45.9397
-53.2153
-57.606
-28.9484
-29.6329
-44.4985
-40.0533
-29.813
-42.4621
-33.9465
-33.1136
-35.0777
-46.8021
-55.1335
-38.992
-39.6612
-36.1139
-31.0559
-33.2175
-28.5911
-24.6129
-20.6794
-21.4877
-21.081
-20.8144
-28.004
-8.88437
-23.1861
-11.5532
-18.4845
-25.5283
-21.8764
-21.1868
-25.9585
-34.1136
-37.7266
-36.559
-42.4309
-64.983
-41.9904
-42.7505
-45.0136
-44.498
-34.5518
-48.61
-48.8796
-44.8477
-43.1651
-36.6241
-42.1097
-54.1241
-40.593
-44.4609
-57.2082
-53.8231
-45.9927
-67.6208
-65.0621
-55.8393
-49.9426
-51.9277
-51.1134
-59.0631
-50.3545
-42.8646
-51.3603
-55.2635
-35.552
-46.8247
-35.1484
-56.0469
-19.5151
-44.3602
-55.361
-65.8275
-63.3042
-58.8633
-40.3083
-68.4442
-55.8927
-49.0285
-61.9872
-66.3758
-52.4504
-51.5359
-55.583
-53.8782
-58.2689
-50.0563
-31.6965
-57.2914
-43.2814
-13.5441
-51.1689
-31.3741
-52.5247
-49.9411
-55.6458
-45.2305
-50.0974
-21.9401
-34.5766
-42.8997
-54.0186
-50.0661
-49.09
-46.8261
-42.85
-42.8858
-31.3349
-38.6574
-40.6901
-38.2789
-44.0194
-33.8352
-52.7092
-41.7996
-40.6192
-33.0572
-25.5266
-18.8064
-27.0618
-19.2061
-19.292
-17.1582
-24.203
-15.5442
-14.2093
-14.2703
-17.212
-24.4988
-22.5927
-25.552
-23.6922
-31.3355
-30.0907
-32.8493
-36.5266
-42.8098
-52.6762
-40.0663
-34.0701
-38.2481
-39.1861
-41.6386
-35.3541
-42.8461
-48.9434
-44.673
-39.434
-56.545
-43.5168
-51.1077
-72.1183
-59.497
-55.5856
-22.0192
-56.1196
-54.2784
-61.2771
-51.6327
-55.7372
-51.3877
-51.8804
-38.4016
-42.5468
-58.1447
-45.8921
-26.7895
-51.4715
-47.6655
-29.3493
-22.1357
-47.4097
-46.7707
-65.2594
-58.1816
-59.0136
-47.4954
-29.5772
-48.5128
-62.3718
-44.2839
-48.97
-54.0688
-33.8853
-37.3872
-42.2702
-44.3078
-51.2895
-53.9058
-49.6576
-53.7476
-55.0658
-39.9103
-41.4097
-59.3525
-61.8789
-40.8975
-34.7353
-50.3618
-48.1286
-54.2836
-46.3764
-55.7338
-48.7573
-47.5555
-51.1567
-43.6759
-40.3749
-37.3497
-37.2341
-45.3594
-27.7086
-44.3632
-51.7602
-41.0661
-33.7121
-36.2581
-31.3666
-27.3406
-29.5549
-18.182
-18.6255
-23.3096
-15.7326
-15.8583
-19.8697
-17.3645
-14.2193
-23.3948
-20.1043
-18.1778
-21.8689
-24.4362
-23.052
-26.4627
-34.6131
-36.9028
-30.6849
-50.0193
-46.1331
-42.9058
-25.5242
-31.7253
-38.938
-34.9448
-39.5879
-42.4573
-38.8766
-59.6649
-46.5779
-61.5441
-52.4907
-60.7586
-56.1409
-54.7457
-50.1333
-55.568
-49.3168
-53.5343
-49.7304
-34.8427
-43.5198
-44.2597
-46.5153
-53.5753
-54.6443
-44.8473
-52.6963
-51.5238
-48.8172
-54.2121
-28.2176
-57.981
-50.5217
-54.163
-66.7699
-50.996
-46.2643
-65.0906
-70.7736
-63.674
-55.3076
-54.5996
-54.7818
-55.6467
-50.3064
-53.4223
-54.4774
-51.3979
-45.55
-56.2474
-46.6085
-46.7324
-53.593
-48.7942
-55.3807
-41.5737
-56.9968
-60.8819
-43.1634
-45.8438
-53.619
-64.6114
-50.6159
-52.562
-49.7589
-46.5859
-46.0538
-30.6467
-46.371
-42.7376
-39.4523
-43.8774
-37.4446
-38.5354
-49.187
-47.4639
-36.2055
-40.0969
-27.4646
-28.4064
-24.5365
-10.8587
-21.5584
-18.4833
-21.7976
-17.4475
-17.1408
-19.7058
-23.4373
-19.9175
-21.7073
-20.5483
-24.9896
-21.2659
-29.9184
-29.6158
-39.0178
-38.7003
-45.5733
-33
-34.6603
-33.0682
-36.3082
-43.9465
-41.2097
-43.5323
-45.9047
-58.6072
-49.2019
-58.6262
-58.4178
-40.8644
-46.0417
-52.6486
-53.1796
-41.5039
-65.8383
-47.7402
-45.1182
-31.4582
-52.9407
-58.9737
-41.1833
-59.2332
-54.2861
-51.9825
-51.7511
-52.9474
-10.3883
-58.6275
-50.7184
-64.5648
-48.7055
-49.3831
-42.7952
-76.4612
-79.7482
-61.4833
-42.7124
-53.2668
-58.5248
-27.437
-30.6215
-57.7198
-57.6616
-45.4767
-51.0188
-52.0767
-46.737
-39.628
-43.9382
-44.803
-50.9093
-51.1562
-43.5787
-42.918
-24.9752
-55.916
-56.6277
-59.7172
-47.927
-59.4383
-70.158
-58.6554
-38.2292
-49.7305
-51.9618
-46.9036
-43.7826
-38.5861
-42.9636
-40.3495
-35.1268
-34.1456
-39.3711
-47.0128
-33.1566
-45.9922
-34.3029
-30.9872
-25.8722
-28.6645
-18.9488
-22.2956
-21.044
-13.5153
-14.2338
-20.4462
-12.3628
-17.8774
-15.1131
-19.8818
-21.8462
-13.5506
-30.8506
-24.8017
-36.5767
-46.4845
-56.125
-47.2241
-35.0188
-39.3618
-32.4922
-37.8253
-16.9844
-46.9282
-37.6003
-44.5235
-53.8483
-61.0917
-57.8686
-49.4516
-47.0753
-46.2335
-52.2508
-50.1805
-59.1089
-51.488
-48.631
-51.7495
-45.8424
-43.9624
-42.2543
-48.9651
-41.5354
-49.6335
-44.8987
-55.7764
-46.9745
-48.5828
-34.1446
-62.6144
-48.495
-49.2018
-53.5162
-29.3539
-91.7821
-51.0431
-63.3333
-66.0082
-72.7371
-57.8277
-43.9864
-34.0839
-59.8998
-55.5024
-45.9173
-56.8587
-55.757
-51.4841
-51.8311
-44.0142
-51.7128
-47.1856
-46.1822
-32.7166
-50.0228
-52.3475
-47.4293
-47.898
-50.1067
-42.4385
-39.7281
-52.5352
-67.3466
-59.4466
-51.4478
-47.8242
-50.4224
-37.9872
-42.2272
-40.0635
-49.75
-41.2859
-42.4656
-39.2864
-38.699
-50.7804
-42.7252
-20.5807
-32.5648
-23.1515
-19.0638
-21.0563
-19.6893
-22.97
-23.08
-19.025
-11.5163
-20.0237
-11.1704
-19.5042
-18.0223
-20.038
-26.2109
-25.0892
-30.6575
-33.2275
-36.8252
-55.253
-30.8058
-34.2222
-34.4979
-35.9023
-44.8893
-36.7649
-46.0472
-41.5368
-40.4882
-50.797
-46.5006
-51.5692
-62.8663
-33.8834
-45.326
-43.2964
-37.3939
-53.9339
-49.5426
-53.4523
-53.9468
-53.7781
-59.0247
-55.7087
-56.5988
-46.8072
-55.1961
-60.1815
-45.0224
-60.3088
-55.6992
-56.6241
-52.5434
-28.6926
-52.6531
-70.6941
-55.0759
-41.394
-68.0311
-63.3688
-51.2278
-64.3381
-58.0272
-65.8252
-49.7554
-52.0902
-55.5376
-50.925
-51.0053
-53.3722
-42.4159
-48.367
-30.124
-48.2774
-52.8021
-50.0044
-48.9955
-46.5991
-24.653
-54.6048
-58.2133
-50.2187
-52.0485
-45.1311
-31.6664
-46.2967
-55.0014
-48.1826
-44.5833
-42.8336
-52.3646
-44.6363
-39.3632
-33.962
-33.8321
-36.7771
-38.3386
-39.5233
-44.1131
-41.5039
-26.3542
-32.3894
-23.2526
-19.5371
-22.2742
-16.1892
-21.7849
-13.0526
-21.6915
-15.0462
-20.7647
-20.3482
-17.4977
-21.9853
-22.6211
-26.1262
-24.935
-34.4756
-33.7317
-42.7297
-42.7641
-34.9016
-38.1414
-33.2092
-29.1346
-37.1041
-39.5489
-44.3516
-46.8311
-47.231
-57.983
-53.1573
-56.5699
-58.9233
-42.5218
-48.7749
-24.0416
-24.5541
-60.4469
-49.2185
-19.1756
-50.9463
-46.683
-47.3391
-50.8746
-47.8758
-52.3305
-57.7393
-53.6748
-24.2522
-21.8049
-63.8553
-44.527
-24.1762
-65.6223
-64.4983
-47.5188
-48.0659
-59.0021
-61.5397
-61.5093
-50.7009
-53.7575
-43.3103
-73.03
-48.0298
-41.6155
-44.5748
-50.783
-54.0408
-44.185
-55.6718
-50.2643
-42.9674
-50.9419
-46.625
-40.8791
-40.7519
-47.8167
-45.8244
-47.0744
-39.7128
-57.938
-19.6069
-58.8818
-59.8127
-11.5897
-42.0481
-56.8824
-56.0038
-45.3822
-60.3771
-33.8356
-41.4402
-38.5997
-37.8303
-40.4079
-14.9832
-34.3078
-45.2394
-35.9697
-32.1513
-35.9628
-23.635
-22.6112
-31.0059
-20.8878
-15.7433
-15.6259
-18.0557
-13.1001
-20.8147
-21.7967
-18.2858
-20.4415
-18.0121
-26.9034
-25.938
-21.3508
-28.5289
-42.741
-46.6526
-40.1242
-35.8585
-30.0222
-34.008
-34.0485
-36.7614
-49.4539
-43.453
-48.483
-54.2505
-47.8249
-57.0501
-60.5338
-43.9252
-46.2154
-35.748
-40.7311
-12.1
-40.4814
-55.1481
-38.3211
-44.2161
-51.0164
-42.4502
-41.9265
-45.8887
-53.2184
-56.093
-57.2747
-56.5091
-57.5338
-69.1673
-42.814
-54.4366
-54.9743
-39.7932
-30.6769
-61.4894
-49.5488
-57.243
-47.9855
-59.096
-59.239
-45.5173
-57.265
-59.3286
-38.1546
-48.794
-37.7636
-60.7578
-54.9266
-25.4023
-52.0173
-52.0204
-51.8792
-57.0176
-45.2908
-16.4235
-47.2602
-50.8631
-51.8906
-37.7646
-49.0723
-51.9916
-69.61
-52.9198
-5.34231
-57.998
-59.7333
-39.4892
-40.0317
-34.7479
-40.406
-38.1566
-40.2249
-12.8721
-36.7274
-36.8793
-38.6049
-30.4104
-45.9722
-28.5194
-33.0221
-20.2838
-24.3911
-13.1235
-13.5734
-10.6557
-11.2944
-16.9346
-11.6799
-19.4483
-13.4594
-21.6393
-28.1969
-31.7217
-31.0778
-28.7985
-37.7657
-42.5847
-40.4371
-38.5274
-32.3866
-43.7995
-37.7281
-35.1972
-43.9649
-15.9398
-50.5998
-56.2155
-39.4094
-72.5567
-62.4015
-63.9562
-38.7333
-50.1894
-55.1225
-58.697
-38.3723
-44.0119
-41.4392
-54.0282
-53.0732
-53.8137
-50.7038
-53.6342
-51.4459
-40.5503
-60.3896
-54.9325
-67.4297
-51.5953
-56.5247
-59.09
-55.0409
-63.4728
-62.9035
-55.8085
-57.7552
-58.7145
-41.7944
-41.85
-54.5349
-57.9238
-42.0876
-59.7792
-77.7713
-67.4772
-63.2841
-57.9748
-55.5001
-51.9542
-45.2849
-56.2235
-44.0286
-54.8214
-41.5092
-50.6057
-40.8226
-46.9218
-39.399
-43.0224
-52.7962
-49.061
-53.7112
-63.3676
-44.1196
-38.6249
-66.1993
-58.5464
-56.5019
-38.9111
-44.2003
-49.2002
-37.7964
-39.5479
-30.1377
-21.5517
-37.9361
-33.3469
-43.9428
-41.5235
-32.2337
-28.0304
-23.856
-20.9198
-22.0342
-9.5771
-10.8487
-22.643
-18.5107
-21.5161
-5.18497
-20.7409
-13.8688
-19.7355
-25.193
-22.2021
-31.7629
-28.1764
-41.6665
-37.34
-35.5741
-31.5907
-40.9979
-41.4711
-39.3772
-36.5311
-44.5055
-15.4285
-46.4209
-61.4471
-42.5364
-67.1487
-52.2931
-50.1569
-56.5653
-49.769
-38.3453
-47.7542
-42.7728
-43.0555
-40.9608
-37.3657
-53.212
-52.9721
-37.9907
-16.2036
-43.5462
-51.2889
-53.5668
-45.1
-46.2942
-43.9667
-68.051
-57.8848
-48.3744
-65.202
-59.3489
-52.3576
-51.3425
-61.7621
-59.3041
-64.7682
-57.7724
-57.7449
-47.6995
-57.5772
-48.0132
-62.0178
-42.5201
-51.762
-16.796
-57.7374
-55.5033
-25.9293
-53.969
-51.6213
-45.562
-44.3358
-47.4059
-51.3694
-14.6999
-47.3223
-51.3613
-48.7476
-48.8045
-34.1838
-29.1448
-54.0896
-30.1081
-37.8342
-53.6278
-25.2294
-33.393
-40.5528
-45.0162
-34.4749
-39.1023
-43.5574
-33.4949
-48.054
-42.1785
-27.7097
-25.7201
-21.172
-21.5743
-12.8879
-10.5308
-15.3682
-20.4037
-14.1592
-13.6423
-10.079
-13.5337
-20.278
-26.1976
-24.5786
-34.5688
-23.0927
-46.2867
-42.9746
-36.2535
-24.2817
-40.1192
-33.9414
-38.1984
-38.178
-45.1172
-52.3988
-42.6671
-46.9669
-27.4873
-52.1612
-44.375
-49.4428
-36.5764
-46.7277
-42.9699
-52.14
-32.6053
-34.7878
-47.1143
-49.4782
-50.3318
-46.4955
-50.2231
-48.8212
-51.2692
-45.3354
-56.6572
-48.0214
-48.2931
-52.4186
-54.9588
-61.1128
-35.228
-60.8114
-65.1288
-29.1299
-59.8803
-59.6861
-51.6008
-51.2951
-47.5919
-55.9892
-48.9169
-57.1681
-56.0854
-60.9839
-24.3002
-77.2032
-37.3745
-37.5968
-35.6658
-55.1601
-46.9508
-52.6427
-45.4186
-42.9812
-40.4071
-40.4439
-39.5497
-38.8289
-48.1128
-51.7413
-41.8451
-33.2874
-60.5559
-32.9316
-29.2435
-47.066
-55.4083
-55.2975
-47.517
-40.1721
-41.1779
-41.7923
-33.5447
-36.7785
-33.9708
-30.5553
-36.2085
-43.1141
-29.8479
-33.0461
-19.7999
-19.0971
-15.0621
-8.24783
-11.516
-18.0711
-11.0207
-13.4003
-24.1516
-16.8954
-16.1072
-21.8265
-27.8496
-26.9818
-35.2699
-19.6144
-33.1199
-37.6262
-37.0798
-32.2373
-39.1574
-13.7732
-46.5477
-40.8427
-56.0454
-44.5246
-39.1121
-57.0708
-53.9354
-62.9066
-8.69219
-43.2225
-44.2267
-45.6959
-42.995
-44.9805
-38.5244
-56.3811
-52.5834
-39.4977
-55.5478
-50.8241
-47.4033
-53.9436
-65.3779
-46.1781
-58.469
-38.1756
-51.8207
-53.1158
-37.5353
-41.6782
-42.6567
-44.092
-54.3841
-52.5002
-54.0377
-53.5557
-60.0124
-48.4
-60.6006
-50.3737
-55.6074
-48.3266
-58.909
-62.3599
-49.5629
-74.7889
-53.5253
-66.391
-51.3269
-54.2102
-53.6469
-46.0841
-44.6177
-24.9095
-44.692
-42.073
-48.396
-52.3709
-40.5279
-41.6438
-46.7453
-53.3925
-54.7673
-49.1342
-47.7493
-60.2749
-45.2856
-40.8686
-44.6965
-39.5807
-32.8223
-29.9095
-41.9197
-29.6953
-40.3715
-34.5881
-48.936
-41.9992
-25.2832
-22.6804
-22.9557
-20.7399
-17.079
-20.093
-13.5203
-19.686
-12.1896
-25.5592
-22.7788
-14.2382
-12.0573
-25.4516
-28.4771
-35.5728
-46.3293
-34.3432
-17.275
-28.8084
-31.392
-34.9234
-40.7
-40.395
-9.89436
-43.2374
-48.9475
-45.435
-56.6786
-44.1371
-45.3632
-4.08497
-47.1182
-51.0454
-42.0505
-49.5943
-57.1243
-47.1983
-48.2982
-40.1047
-53.7834
-46.9461
-51.6148
-57.6926
-49.4336
-60.2962
-25.2521
-33.543
-71.9788
-36.3124
-27.4096
-52.9093
-33.4019
-45.7096
-51.2614
-41.1035
-53.8548
-16.8559
-55.2666
-56.7954
-61.8785
-19.3664
-52.7331
-51.5575
-56.7091
-39.1971
-55.7275
-56.9256
-65.0862
-49.9793
-48.582
-56.4605
-59.9428
-38.5086
-47.4469
-53.8025
-50.8119
-29.8668
-28.1648
-43.0816
-41.0679
-43.0485
-46.7425
-43.978
-51.1077
-49.6484
-44.2626
-42.5877
-50.4008
-20.4873
-47.462
-49.0446
-48.0507
-35.4466
-41.688
-37.3815
-32.32
-31.4978
-39.2965
-31.6699
-38.3194
-32.041
-23.1129
-24.3662
-21.4722
-7.56658
-12.5891
-11.1726
-11.1085
-14.052
-14.8956
-12.8318
-15.2585
-19.5487
-18.2179
-18.6758
-32.5656
-42.246
-20.2547
-36.6283
-36.2853
-37.981
-46.0313
-16.5526
-46.3947
-54.9601
-52.4872
-46.1979
-36.4499
-68.6777
-57.8901
-8.80583
-42.2571
-39.1989
-47.6865
-47.2745
-46.7575
-40.1382
-48.3326
-46.317
-46.2364
-31.0722
-55.325
-52.7538
-45.7897
-52.2453
-69.8687
-74.1555
-17.8836
-50.0188
-60.2498
-47.0992
-53.6239
-52.9113
-58.1607
-42.7546
-47.5408
-54.948
-43.1567
-49.6055
-60.6872
-49.3441
-51.0676
-56.0058
-47.648
-54.9719
-48.4953
-38.8252
-71.208
-50.5049
-57.7056
-57.1965
-59.39
-24.9645
-47.3812
-41.1553
-47.0022
-43.8679
-49.9062
-52.9793
-48.3258
-43.7873
-43.1049
-45.4787
-37.243
-34.8786
-50.614
-49.045
-56.5264
-44.3779
-49.8832
-50.3058
-48.2739
-49.3333
-42.2544
-27.3314
-25.5448
-29.4759
-34.2535
-36.1872
-27.7074
-35.9949
-29.0372
-25.7891
-18.5326
-14.9844
-14.7764
-12.9183
-17.8195
-21.2953
-11.7847
-11.2208
-9.35301
-18.7736
-16.7907
-28.5208
-28.2367
-46.0196
-46.8681
-34.8787
-36.9884
-30.4131
-30.0127
-41.4458
-34.2126
-51.8968
-30.475
-49.572
-29.7231
-54.6629
-26.1046
-39.3794
-32.4961
-34.6508
-56.0065
-42.1873
-46.3552
-46.1087
-41.4148
-11.3958
-39.0625
-48.4512
-45.3871
-27.8034
-28.6857
-46.5602
-38.5885
-54.072
-54.6385
-35.9051
-60.9246
-50.7173
-33.4647
-50.7502
-47.3525
-26.1809
-48.8684
-42.9639
-57.3444
-56.9612
-60.1277
-51.3192
-56.3278
-46.6552
-52.904
-38.6328
-20.1169
-51.3332
-39.3823
-58.7144
-57.5773
-45.6828
-46.7656
-52.5076
-39.224
-62.5224
-49.2681
-50.3958
-47.365
-52.9817
-51.9452
-48.066
-44.8199
-37.5194
-27.149
-32.054
-44.9643
-43.3943
-49.1438
-22.3584
-47.6062
-48.6088
-41.0028
-27.2558
-51.0927
-47.1222
-26.7832
-36.3212
-33.2418
-36.7016
-31.9421
-33.7495
-45.5503
-29.4372
-25.0137
-16.3135
-16.5177
-13.4832
-10.9863
-10.9012
-3.60096
-8.91664
-11.7823
-9.43338
-13.9496
-18.5605
-25.5605
-31.4065
-54.0581
-36.1545
-35.703
-27.8478
-38.3346
-39.7906
-36.7566
-36.8934
-49.3642
-48.4752
-45.0808
-60.4787
-36.573
-49.8427
-52.0106
-45.4621
-46.2724
-53.8902
-54.2859
-37.2318
-46.5186
-52.7106
-47.7657
-45.8948
-60.8192
-52.2412
-51.7677
-54.1781
-31.7101
-34.4724
-39.2294
-52.6158
-20.0327
-30.1935
-44.9788
-48.6266
-58.83
-50.7443
-16.7162
-39.901
-49.0409
-50.1308
-56.8909
-55.4312
-49.8852
-57.1102
-52.0227
-49.5766
-45.8015
-21.1204
-41.0557
-58.0579
-51.2143
-48.8589
-64.9512
-56.2143
-36.9367
-54.9268
-58.9653
-48.8633
-54.3085
-34.9505
-41.3241
-40.3149
-44.0265
-45.1894
-48.1182
-44.0642
-38.3866
-48.6626
-46.5109
-45.8455
-43.4663
-46.8279
-63.5457
-47.3884
-43.6968
-45.1134
-35.3488
-23.8749
-38.3212
-29.8041
-17.5198
-45.9366
-27.9203
-27.9148
-28.8446
-24.4113
-17.0655
-19.4276
-14.5806
-11.9083
-12.7428
-11.9467
-11.6564
-13.9521
-11.8662
-21.2565
-15.6933
-16.234
-32.655
-46.3533
-39.9553
-27.0552
-37.6289
-31.3492
-26.22
-39.4231
-42.6891
-44.5031
-19.0102
-46.4316
-48.5186
-22.0201
-22.0063
-25.1496
-35.7861
-42.7307
-41.7996
-37.6104
-35.1508
-40.8409
-43.5774
-43.9489
-40.2789
-53.717
-48.0868
-44.4139
-44.0572
-28.4421
-37.0038
-60.9207
-53.4637
-50.6496
-33.8121
-20.6762
-47.0982
-60.0045
-39.7169
-38.6184
-51.9975
-52.2366
-47.3441
-53.8147
-56.7067
-46.7631
-30.6439
-30.8698
-54.3195
-49.0612
-34.4833
-51.6477
-50.6823
-53.424
-53.9468
-46.0792
-39.6946
-29.4675
-53.5659
-62.1336
-63.7628
-38.6361
-21.2254
-46.7554
-47.9065
-41.7281
-46.9639
-12.1977
-39.0007
-39.1657
-46.9492
-41.5094
-39.8453
-42.3302
-49.7619
-45.7085
-43.4461
-44.313
-61.0559
-33.0822
-48.495
-36.3314
-20.1729
-38.5079
-25.0145
-31.3649
-42.5903
-27.7025
-19.2665
-25.5069
-9.63306
-15.1944
-8.91719
-5.58678
-5.1584
-13.9252
-9.67302
-11.84
-13.9392
-17.0963
-9.63009
-34.7175
-38.0275
-27.1304
-35.1723
-22.0847
-34.5599
-32.7302
-40.335
-26.4907
-46.4797
-38.845
-36.8667
-55.9685
-53.2046
-36.369
-34.0891
-36.9996
-47.0968
-40.4953
-44.0886
-48.0207
-47.0814
-26.9485
-49.9577
-46.1156
-50.0725
-35.8075
-66.2567
-53.9762
-57.549
-60.4689
-51.5122
-54.7776
-51.0886
-53.3935
-57.5556
-43.312
-47.3989
-49.9481
-49.432
-65.1397
-55.0445
-60.8638
-58.0481
-53.075
-50.1058
-48.2481
-57.079
-48.1196
-37.338
-51.4073
-56.4474
-56.418
-47.8591
-55.1581
-49.4828
-40.2809
-42.1377
-21.5278
-50.0025
-25.5893
-30.6636
-47.0909
-60.3673
-55.8071
-45.4119
-44.4318
-27.3366
-29.1642
-36.3196
-46.6351
-41.8941
-50.9068
-39.8063
-47.7295
-17.7883
-41.6223
-47.0994
-44.8671
-55.7107
-46.3788
-37.1968
-35.4614
-24.8878
-32.6684
-36.8827
-35.8098
-29.3891
-27.8425
-19.2628
-21.2672
-15.4175
-13.9721
-13.94
-0.653459
-13.5286
-9.48348
-16.1669
-20.683
-24.5105
-22.2727
-37.8726
-48.0029
-34.6651
-37.4303
-30.2728
-32.0882
-31.4113
-40.2659
-44.8868
-42.6809
-49.4657
-53.2212
-48.3215
-38.8069
-48.5132
-40.6191
-41.5499
-41.2973
-41.0791
-43.8781
-45.1432
-28.0207
-45.6985
-51.4459
-50.4971
-52.3286
-48.2885
-19.0781
-48.3334
-60.443
-52.9329
-36.2995
-56.9311
-51.5837
-53.9023
-41.331
-53.5745
-56.8338
-35.0854
-55.1889
-50.9036
-47.941
-52.0257
-50.4887
-61.4125
-41.2085
-47.5897
-32.1501
-51.7635
-45.6037
-44.472
-53.2981
-50.2736
-48.7451
-22.6021
-39.0374
-47.3767
-13.6311
-38.7668
-55.6221
-55.0675
-19.3256
-45.1743
-56.6975
-56.1345
-43.4785
-50.7628
-39.1019
-42.0052
-41.1739
-39.1545
-40.4711
-37.3897
-48.2529
-43.8812
-34.7011
-42.9248
-45.0684
-29.005
-51.3007
-35.7848
-18.3068
-35.758
-32.6167
-33.0346
-28.049
-30.5034
-49.1573
-32.9719
-20.8947
-10.6486
-6.03114
-19.1466
-12.6574
-14.1697
-4.50991
-10.7884
-16.4455
-16.4368
-19.0963
-35.3219
-40.0086
-32.6405
-33.4631
-26.1012
-29.0217
-35.4055
-40.6988
-31.2168
-54.9265
-49.7814
-53.4839
-48.3063
-42.3639
-42.509
-35.3894
-42.5534
-41.2152
-40.3683
-51.0506
-41.9236
-46.7442
-48.0109
-27.3313
-45.4121
-42.8027
-56.7232
-24.5444
-59.374
-40.8012
-40.1348
-51.853
-49.9816
-46.4161
-48.5354
-50.0042
-44.0136
-49.737
-42.535
-51.345
-35.7293
-45.1001
-44.9523
-51.39
-41.5003
-48.8234
-37.8795
-50.129
-41.6767
-55.4063
-41.4164
-54.2294
-50.7031
-19.7832
-54.7236
-53.6882
-49.0789
-8.92633
-48.0409
-46.7486
-50.084
-49.1458
-41.2841
-41.8985
-56.684
-26.0107
-35.8291
-43.0964
-48.0759
-29.2481
-36.59
-32.9081
-44.6881
-38.6828
-26.6384
-43.3981
-43.6091
-40.2526
-49.66
-37.3128
-48.1288
-28.7196
-24.4403
-35.5161
-33.1955
-7.22561
-29.5121
-35.8303
-41.4054
-33.2569
-18.2999
-11.2221
-11.4517
-16.2287
-12.7389
-14.985
-11.4217
-7.67033
-1.11883
-7.00391
-14.9633
-25.4398
-46.1777
-38.2957
-30.2645
-28.2049
-32.6958
-34.3451
-33.8826
-34.5619
-54.372
-38.3921
-31.2577
-47.776
-34.987
-28.6077
-30.278
-37.742
-50.4137
-45.9639
-38.2794
-48.3131
-36.5482
-27.8027
-41.8792
-47.2493
-41.5287
-49.8246
-51.6309
-44.4512
-31.6283
-49.57
-39.3884
-51.683
-47.4045
-49.4995
-49.0072
-51.323
-38.979
-50.589
-30.6475
-45.2188
-43.3432
-47.85
-53.1228
-32.6924
-21.2495
-41.0382
-43.7313
-44.5328
-54.169
-41.6083
-52.3395
-45.3032
-42.3668
-37.1641
-49.2155
-51.6739
-43.0042
-37.3798
-50.7087
-19.0961
-53.2896
-37.0231
-58.1457
-51.5889
-55.0139
-38.729
-50.8524
-35.8728
-46.316
-34.7212
-34.2583
-37.6721
-35.6658
-40.4064
-44.8609
-48.7922
-38.8503
-35.4424
-51.5661
-54.9248
-52.7987
-47.0944
-43.2094
-30.048
-37.0131
-31.4817
-25.0592
-36.7589
-24.3031
-22.3963
-18.4734
-13.9279
-5.65147
-9.47425
-17.1557
-5.05671
-11.0372
-6.60436
-23.5563
-21.1921
-30.1988
-23.9577
-29.9845
-22.9809
-33.7104
-36.7784
-46.5949
-39.7843
-30.1763
-39.913
-46.1901
-49.5361
-40.819
-17.6466
-43.2362
-36.0233
-39.8169
-39.3855
-40.1207
-41.5426
-42.4842
-45.6105
-42.5271
-51.9162
-47.4525
-37.3585
-47.4461
-56.9782
-31.4292
-28.1301
-39.3202
-46.1261
-26.2738
-46.4268
-49.7926
-52.3933
-51.7897
-53.9397
-39.1843
-52.5668
-44.0102
-53.3981
-15.2853
-54.3552
-34.7022
-52.544
-61.8099
-59.3426
-56.7309
-54.7079
-39.8989
-52.6665
-54.6178
-53.4067
-25.0536
-53.7897
-52.8416
-43.7631
-41.1825
-42.6826
-54.3874
-39.0526
-16.0091
-41.9227
-60.2452
-45.0001
-54.6021
-51.2084
-42.3314
-53.5549
-48.4908
-38.9736
-33.0353
-42.2884
-24.8588
-38.0995
-38.1532
-40.0318
-43.5151
-34.2755
-30.665
-43.6801
-61.0395
-40.8033
-37.6099
-27.5544
-22.7944
-8.93102
-34.0321
-31.6931
-29.1033
-12.9637
-1.6917
-14.1886
-9.57527
-9.07239
-10.2593
-10.2635
-14.3137
-16.3759
-28.7307
-32.4258
-28.8462
-27.9429
-36.1916
-32.6761
-33.5072
-40.3882
-8.61819
-50.7025
-43.6127
-53.2301
-26.2947
-38.6604
-33.3697
-36.5053
-44.1399
-43.6189
-7.8296
-36.9479
-43.5273
-38.3509
-27.5792
-32.6008
-45.8239
-37.888
-54.3224
-55.0679
-51.8966
-55.709
-48.1855
-57.7748
-51.5454
-35.7804
-48.3511
-49.9804
-47.096
-47.5692
-38.6678
-50.7248
-48.7581
-52.1027
-34.1684
-46.7051
-58.9042
-22.0165
-56.0554
-34.7224
-45.467
-53.2327
-46.7267
-42.6789
-47.8155
-52.2796
-37.9207
-50.855
-47.7161
-44.0995
-29.012
-46.1256
-41.8926
-44.4475
-51.7201
-42.1588
-48.082
-45.5949
-58.622
-32.1796
-46.6578
-51.9195
-41.8646
-39.1013
-39.226
-24.7815
-40.8085
-31.7324
-40.6882
-37.8548
-36.8604
-40.9489
-49.7669
-49.3651
-22.8367
-45.0593
-48.1425
-38.5879
-30.0322
-30.5776
-23.1617
-30.7552
-39.1106
-18.792
-15.5696
-5.91959
-4.01413
-9.26874
-10.9374
-8.60069
-9.25598
-19.74
-10.1109
-23.6942
-33.752
-33.5578
-31.2109
-30.3782
-31.1503
-42.3994
-26.649
-50.0809
-64.7025
-49.4387
-46.9239
-39.8191
-5.86348
-42.6609
-28.9596
-35.7225
-9.05353
-48.9975
-36.8894
-48.0127
-59.9728
-46.9369
-33.0269
-50.1178
-29.5563
-43.148
-47.7862
-41.1862
-44.6255
-20.4537
-25.6893
-50.6144
-49.4953
-51.9087
-44.5987
-43.17
-53.0174
-50.8018
-31.0244
-37.2193
-49.2569
-30.5311
-54.3279
-26.5513
-53.0924
-58.0146
-57.6593
-20.8195
-55.298
-39.256
-59.4079
-45.7061
-36.0673
-55.1323
-52.8338
-38.3826
-52.4262
-27.9657
-54.0861
-28.2707
-28.1326
-46.8196
-47.5539
-35.7597
-48.0545
-53.4604
-44.4953
-40.8202
-49.458
-48.6435
-38.2679
-38.3786
-38.1525
-47.2742
-41.0525
-40.2568
-43.1672
-36.8463
-36.1608
-43.2066
-33.2909
-38.6378
-44.2088
-49.2564
-40.1995
-33.152
-25.605
-29.3041
-23.2006
-36.0407
-17.8931
-25.3066
-8.10698
-7.39285
-8.85669
-9.68938
-8.60872
2.81332
-5.69667
-25.0213
-20.6614
-38.7003
-25.5414
-19.8421
-36.4835
-24.8235
-46.782
-35.5592
-41.3184
-44.3429
-38.2478
-42.3956
-39.381
-10.5885
-42.0134
0.399534
-48.4034
-34.2394
-48.8258
-43.3293
-30.68
-60.8021
-41.8637
-50.5046
-41.199
-24.8384
-38.4886
-39.0458
-49.984
-49.9977
-44.7177
-50.8938
-51.0344
-44.2789
-55.8151
-46.8186
-51.1797
-32.1246
-48.0366
-25.7296
-52.5768
-52.791
-36.0547
-58.8873
-53.7414
-56.9285
-55.5414
-55.0397
-59.8561
-57.8857
-51.8739
-47.9288
-49.9992
-49.7862
-45.9146
-46.6514
-40.4331
-22.604
-43.0299
-60.5913
-37.6941
-42.9144
-33.6822
-39.0286
-45.7139
-32.0553
-7.09145
-47.0403
-50.6007
-45.0388
-47.8899
-40.7993
-29.978
-48.2808
-41.098
-29.377
-15.428
-30.5521
-7.68854
-32.4
-39.1668
-42.5705
-31.1697
-49.3514
-30.1651
-44.5576
-37.1916
-25.234
-29.9755
-28.0846
-40.8317
-29.9974
-12.679
-18.6706
-8.47583
-9.81232
-9.36742
-6.23041
-10.2324
-13.6385
-18.0471
-31.0252
-27.3818
-19.6172
-30.7758
-33.9309
-39.2255
-29.9985
-24.9046
-44.9123
-51.4051
-10.914
-28.1698
-7.33983
-42.451
-33.5065
-34.9354
-30.3556
-36.0345
-32.8777
-47.8091
-46.6236
-49.3026
-21.7714
-46.4021
-23.2584
-47.396
-11.7876
-40.4276
-31.3862
-14.545
-48.4777
-47.5276
-47.7714
-40.0111
-52.6324
-53.3836
-20.5154
-60.9327
-40.9843
-40.8621
-57.6534
-63.3866
-28.3167
-45.5607
-31.4579
-54.7768
-54.5405
-60.8105
-57.3647
-43.857
-56.1957
-55.3027
-49.9405
-47.7352
-32.8435
-44.2594
-35.1838
-5.91348
-50.2497
-48.8115
-47.2461
-28.2604
-37.5485
-49.7892
-41.5772
-54.4896
-38.7632
-34.897
-48.1918
-45.8546
-40.8402
-38.3384
-43.9607
-49.5296
-53.7442
-35.0393
-32.8414
-30.7471
-14.9586
-41.8483
-46.929
-40.5836
6.55373
-47.4545
-36.3984
-32.577
-40.4654
-33.4455
-33.3775
-29.3278
-23.3489
-22.5858
-15.7092
-17.7713
-11.3683
-4.77279
1.75708
-2.37263
-4.96067
-6.81631
-17.0927
-29.8536
-30.2912
-20.6851
-24.3935
-30.8228
-30.5585
-18.8284
-56.7127
-43.2554
-35.5584
-44.4489
-43.954
-32.9275
-34.8309
-36.5739
-34.2246
-45.4243
-50.5276
-45.872
-44.6752
-45.0193
-36.3021
-46.5695
-31.0198
-36.3482
-19.4694
-44.5913
-48.8482
-49.2093
-41.351
-51.706
-36.9326
-53.5751
-41.6811
-51.141
-47.2488
-33.8432
-49.956
-48.6327
-51.9525
-57.3395
-52.3135
-57.7845
-38.9101
-53.415
-53.7437
-40.2466
-51.7444
-57.0488
-47.8196
-51.992
-50.1205
-53.4194
-41.3
-59.1814
-47.7208
-49.0721
-34.6759
-27.5977
-55.8075
-40.8107
-34.2265
-50.0517
-44.0268
-42.0515
-47.181
-41.0463
-41.7692
-45.4664
-48.2427
-22.1353
-42.3502
-39.6903
-49.0741
-49.8873
-25.9545
-43.7122
-37.5188
-35.8229
-38.5266
-43.8387
-32.2529
-25.4788
-34.8168
-45.6029
-25.1504
-39.6921
-34.4923
-28.2392
-17.2992
-15.9586
-30.0665
-24.7649
-10.542
-3.71259
-4.58873
-11.6394
0.47975
-1.71816
-19.7491
-22.3339
-18.3302
-36.6973
-21.2689
-26.5251
-30.1976
-43.4431
-40.1315
-39.3567
-41.6106
-47.3922
-38.4178
-34.4795
-35.1451
-39.7636
-41.9611
-35.8242
-45.8839
-40.8264
-45.9263
-44.9549
-50.3734
-47.8781
-45.9717
-50.4993
-44.9474
-41.5195
-47.0388
-37.4477
-59.1535
-46.5657
-31.58
-45.9245
-36.3484
-38.3669
-46.799
-50.912
-35.9878
-48.4984
-60.4244
-47.185
-54.6239
-6.65614
-55.1953
-60.4822
-58.3635
-58.818
-53.325
-61.945
-58.9263
-40.6998
-43.8052
-53.8165
-54.2658
-42.5316
-25.9182
-43.916
-40.2331
-45.9978
-53.1315
-52.0806
-53.2184
-44.885
-48.1491
-51.8321
-25.6381
-45.928
-46.9974
-42.7308
-36.687
-50.3779
-34.7473
-45.7507
-28.5258
-31.3338
-42.27
-45.8783
-45.029
-43.6182
-16.5417
-32.9876
-24.9326
-32.6709
-38.817
-36.7057
-20.5549
-37.4922
-27.6529
-17.4365
-27.1653
-20.2375
-23.8264
-31.2009
-17.2374
-11.1907
-6.74304
-11.9349
-5.50009
-0.505572
-8.7593
-17.7244
-16.6052
-37.2678
-29.0723
-27.8402
-30.0938
-45.4183
-43.4188
-24.5202
-34.1045
-32.4973
-45.7995
-36.1051
-38.8391
-51.3533
-27.0396
-42.433
-47.4186
-43.6906
-52.7241
-46.9522
-13.4702
-41.3384
-35.669
-37.178
-43.9023
-12.9252
-40.6136
-42.2536
-45.5563
-40.6852
-48.8469
-32.6089
-49.3542
-41.9791
-46.4209
-43.0848
-31.3467
-43.9486
-57.702
-49.8744
-51.3844
-39.5223
-57.3876
-60.9635
-58.3993
-22.3133
-39.1443
-68.559
-43.7089
-63.4937
-55.2767
-64.017
-56.5041
-51.1859
-58.0397
-37.2694
-35.856
-36.11
-49.5869
-50.163
-53.3152
-52.4874
-41.9073
-54.9431
-37.4667
-45.0075
-37.2041
-33.3608
-42.2987
-37.3364
-42.7086
-39.1753
-0.566042
-16.729
-39.3886
-32.7431
-25.0811
-42.3493
-36.7653
-40.5477
-20.3099
-36.9943
-36.2126
-31.1134
-30.5888
-36.9192
-31.2653
-23.3825
-40.627
-34.7068
-20.4415
-1.12047
-24.4152
-25.7062
-16.3672
-12.1899
-2.11646
-4.2291
-2.10733
-11.8108
-13.0307
-20.1196
-28.3311
-27.8754
-36.4042
-28.6976
-33.566
-33.0938
-34.7853
-18.6052
-21.9303
-30.0564
-22.5255
-38.5677
-30.7517
-34.4404
-53.5749
-65.9522
-29.6313
-49.817
-40.9991
-34.3572
-18.7387
7.11506
-50.031
-40.4154
-33.7418
-14.6031
-15.8698
-40.6408
-43.2184
-38.733
-24.1424
-43.9427
-49.2808
-25.5715
-50.3707
-57.5426
-49.5316
-52.2927
-47.4917
-71.6452
-59.191
-59.2464
-56.6718
-60.0639
-6.74934
-37.1924
-30.704
-58.2599
-50.4888
-61.9689
-43.0366
-56.1634
-41.6447
-51.1838
-56.9655
-42.5725
-44.5765
-52.5439
-25.6995
-58.7401
-25.1932
-27.6653
-9.21328
-47.2259
-28.1735
-39.2985
-40.4588
-45.6106
-36.5665
-33.1955
-28.5086
-44.9071
-51.9078
-25.0154
-41.5996
-43.5227
-20.1879
-47.8219
-27.5611
-37.565
-36.0867
-31.1786
-28.8189
-22.2308
-30.5307
-40.3546
-3.07762
-25.0448
-34.1402
-26.3198
-26.1701
-19.9225
-23.8704
-21.4973
-4.0252
-3.91091
-5.06475
-4.9458
-11.1717
-7.27453
-30.5047
-19.1393
-18.7912
-21.2649
-32.1577
-41.1375
-12.5542
-37.7541
-36.9974
-30.7913
-23.9118
-38.192
-39.6471
-46.2588
-24.0752
-47.6929
-57.1326
-29.6835
-39.0117
-33.2037
-31.6
-43.4641
-37.9247
-39.1278
-47.4892
-44.1847
-37.7164
-40.8478
-25.8419
-47.0494
-45.9315
-49.1904
-45.5586
-47.1186
-41.3148
-32.1654
-31.5643
-27.7963
-28.0128
-57.2075
-45.9859
-49.2287
-51.7534
-45.7856
-20.4704
-51.9923
-62.4249
-54.3476
-60.6009
-59.8285
-34.4296
-58.0512
-56.8887
-41.8522
-54.5484
-59.6023
-44.0834
-52.2955
-41.7592
-59.5307
-54.7859
-26.9464
-46.8546
-34.1983
-20.8761
-26.6895
-33.306
-26.6517
-43.2361
-4.38718
-38.7304
-25.6716
-31.7212
-10.7643
-17.5455
-46.6738
-38.891
-43.6594
-49.1552
-46.3252
-38.5919
-42.79
-34.164
-25.2967
-41.3209
-37.5544
-30.8222
-31.6454
-34.2854
-28.1
-23.3812
-21.8071
-18.9717
-33.3976
-13.211
4.96157
2.33266
-3.48151
-0.574229
-4.96755
-12.8197
-29.8508
-9.67595
-20.3317
-17.4236
-1.39044
-24.066
-39.2888
-39.1443
-31.4488
-38.6656
-38.361
-7.38746
-25.4037
-46.6279
-38.884
-40.7142
-30.5595
-39.7928
-44.5031
-41.3808
-25.0961
-28.5266
-31.2064
-45.6669
-48.9718
-37.2443
-37.6734
-45.0839
-37.3705
-42.9024
-50.8796
-43.4386
-45.0568
-41.0206
-55.8768
-67.7589
-32.3054
-50.8551
-57.8546
-50.1403
-24.0617
-60.1572
-52.0192
-40.9626
-45.5001
-60.9547
-55.7825
-37.1208
-61.7831
-57.1468
-56.3093
-61.4173
-56.1179
-52.8792
-67.436
-58.7957
-55.3682
-45.2162
-23.076
-34.9749
-56.7214
-56.6367
-53.3519
-50.0483
-48.8836
-39.664
-58.6438
-30.2712
-45.5863
-5.59162
-38.7425
-9.2695
-35.4943
-22.1785
-20.4752
-44.0238
-50.8011
-33.0133
-33.5031
-43.374
-44.0444
-33.2638
-9.65285
-33.2541
-32.7634
-33.1876
-38.8687
-31.5062
-27.0345
-29.5277
-28.3879
-25.3287
-18.2049
-10.2057
-14.8782
-6.40253
-1.06234
-5.66389
6.89076
-12.7626
-10.2814
-26.7406
-15.139
-31.4494
-21.9606
-19.8103
-24.4957
-31.7907
-35.7298
-30.9175
-19.1698
-18.712
-31.19
-39.2554
-45.8817
-42.0239
-22.8626
-49.4147
-20.8611
-39.2935
-37.9882
-35.9701
-30.5598
-25.7127
-41.3968
-39.2974
-41.5011
-52.0607
-51.3778
-48.5279
-17.2824
-47.2127
-55.9611
-49.6326
-48.4221
-36.5252
-40.219
-41.8887
-58.8319
-59.0107
-59.4466
-58.3812
-49.6183
-31.1874
-22.3721
-28.6119
-33.9137
-57.2521
-27.6905
-44.6691
-43.053
-50.3393
-26.1496
-29.4044
-66.6478
-49.7264
-47.3033
-50.9014
-24.0639
-38.2715
-52.2144
-65.9199
-58.0559
-29.5243
-51.8095
-44.6662
-37.5525
-30.8794
-31.9311
-49.7687
-47.7206
-25.7502
-52.0919
-36.0677
-28.9507
-43.8815
-44.739
-43.6529
-37.0022
-27.5168
-22.8966
-51.7776
-45.2426
-12.7917
-41.4557
-38.0662
-10.6234
-18.3873
-22.6645
-31.6976
-53.7989
-28.4982
-25.5358
-20.5925
-24.7325
-14.2062
-4.72441
0.343531
7.66422
-1.00411
-3.82461
-12.4216
-15.4848
-9.00223
-16.9307
-24.586
-42.5327
-26.2125
-28.5682
-33.3133
-35.6008
-21.8242
-25.6082
-29.8984
0.441096
-42.3909
-33.6298
-40.433
-42.7392
-11.0854
-33.6884
-29.2105
-42.2141
-48.8296
-46.8456
-47.4018
-38.5475
-15.5973
-17.8265
-38.5971
-47.7017
-55.5859
-22.4623
-57.692
-38.6553
-51.9392
-48.3125
-32.7041
-56.5837
-40.9956
-47.2979
-46.048
-50.7753
-27.5085
-58.7756
-34.5422
-46.8512
-62.956
-61.8586
-47.6244
-61.2883
-68.7671
-61.3778
-59.778
-64.9523
-40.1107
-37.973
-57.3005
-49.1801
-45.3524
-43.8827
-52.4489
-23.0878
-65.3704
-26.4465
-44.6716
-49.063
-29.5294
-46.3935
-35.3863
-51.1427
-30.1635
-45.0735
-46.0925
-30.9343
-34.0478
-19.2909
-41.7265
-38.897
-26.6852
-30.9182
-39.0765
-38.5154
-39.5128
-34.0965
-37.7695
-29.981
-26.9675
-35.3243
-33.6359
-27.6159
-37.2059
-33.3493
-28.1867
-14.5282
-21.1739
-21.2801
-1.24101
-6.04773
3.28104
-0.169018
-8.36789
-12.6727
-20.2755
-7.49397
-27.4873
-31.4333
-31.2325
-4.04895
-33.5567
-27.5442
-9.06023
-21.3794
-25.629
-27.2718
-45.0112
-46.2297
-35.9714
-32.5398
-43.0934
-39.1822
-42.6445
-30.3372
-44.0865
-40.8254
-20.4547
-45.0225
-41.5593
-28.0873
-50.6968
-48.2294
-41.5948
-48.0182
-38.1067
-38.0375
-46.0078
-33.7507
-34.9284
-62.1976
-60.7884
-35.2617
-44.0122
-47.0299
-38.7911
-39.1099
-41.6249
-59.9208
-71.1958
-58.0951
-64.9019
-58.9686
-66.3986
-26.3662
-52.4249
-40.7742
-61.1795
-40.7903
-68.5551
-53.1376
-38.2331
-7.61188
-54.6503
-23.1009
-19.9223
-52.6424
-65.3053
-24.6902
-57.676
-49.4207
-40.5271
-48.2678
-46.9904
-35.3118
-54.1194
-38.4789
-41.3482
-4.60458
-42.4555
-19.1123
-41.2129
-23.5284
-31.6612
-34.6157
-35.1252
-38.8917
-24.9226
-19.2635
-33.8928
-33.6992
-35.2222
-24.8251
-18.6556
-32.0946
-14.9293
-32.8788
-26.6958
-20.1519
-11.2659
-3.76215
-3.54899
6.84809
-0.0331428
-2.26618
-21.8636
-17.2066
-29.6058
-18.5392
-30.9265
-34.8324
-23.4228
-30.041
-23.6404
-16.103
-33.2007
-26.2142
-34.9845
-43.2518
-31.3909
-36.4392
-18.8362
-39.3283
-34.0923
-18.8493
-36.9525
-41.2796
-43.3287
-44.3268
-43.4923
-52.2865
-39.1782
-53.7379
-28.0198
-31.1346
-50.3745
-26.7043
-43.7607
-24.4753
-57.3856
-45.864
-59.8366
-46.9836
-43.5402
-66.7664
-44.0687
-28.0766
-44.91
-26.1387
-53.7095
-44.3722
-33.0014
-62.4025
-73.3959
-48.1876
-47.7569
-32.1929
-50.336
-36.6221
-23.8578
-4.96576
-70.6054
-65.9704
-52.7833
-58.2719
-29.6698
-35.8061
-64.237
-27.2278
-34.3667
-47.4444
-58.134
-46.0895
-36.2108
-21.3171
-49.1129
-39.6881
-49.3802
-39.692
-45.3026
-25.635
-10.7183
-47.1615
-33.3924
-21.5064
-33.9711
-31.491
-34.982
-36.2552
-38.2121
-44.4544
-33.4919
-18.87
-29.5713
-21.6826
-28.9902
-28.4596
-17.3138
-30.3663
-18.4839
-26.6631
0.78192
6.28882
3.84151
3.35722
-13.2904
-14.3455
-19.0657
-28.8555
-18.1728
-12.8948
-16.9214
-25.3957
-26.6956
-22.9037
-24.2052
-30.2246
-35.4501
-35.486
-21.6187
-42.6952
-38.4702
-40.4246
-39.8437
-30.5311
-43.3351
-31.4978
-31.1962
-26.2419
-34.5273
-45.5302
-23.5116
-34.0206
-31.5438
-38.5084
-54.2269
-46.2842
-10.4538
-48.5614
-15.2785
-48.1397
-39.2122
-39.3044
-29.466
-73.3581
-26.1598
-53.4437
-41.9444
-59.1464
-63.2107
-60.9056
-74.7356
-43.4938
-26.5959
-67.1012
-48.1781
-45.4259
-49.6831
-53.6625
-54.0913
-42.4161
-25.8849
-29.7139
-32.3673
-39.8939
-36.4516
-53.0122
-48.8789
-21.7269
-56.7932
-44.4608
-42.0824
-41.6354
-43.9522
-54.104
-44.4097
-24.1763
-47.3467
-48.5647
-46.9425
-21.5993
-29.1144
-26.1921
-35.9041
-38.2144
-41.5752
-41.8685
-31.4468
-39.3178
-32.9181
-27.1326
-26.1989
-28.8548
-32.5029
-20.9087
-20.0034
-26.8166
-20.6146
6.85098
-27.2234
-4.83944
-13.5551
-2.43584
9.71371
8.82501
7.00862
-8.40003
-17.6974
-19.0555
-39.7271
-30.8809
-30.474
-18.6277
-2.72032
-11.3571
-11.419
-35.5111
-5.62564
-39.1757
-29.1612
-38.5793
-39.0123
-31.0553
-40.1052
-45.9657
-27.7551
-33.9884
-18.219
-46.772
-43.4351
-40.3363
-41.4544
-14.6718
-59.3968
-42.0681
-29.602
-60.0559
-30.633
-47.7291
-58.048
-37.7967
-24.9257
-53.6488
-32.5664
-41.67
-33.9484
-55.2095
-24.8261
-26.9616
-46.6521
-70.4925
-38.4101
-59.2679
-48.9889
-52.5337
-62.5405
-61.6782
-56.4377
-25.5763
-43.7236
-32.4594
-51.2115
-24.671
-26.4935
-40.8451
-51.8635
-43.1167
-42.8403
-50.651
-49.3006
-52.5352
-28.8465
-22.51
-15.7378
-26.6254
-31.2827
-33.9384
-56.4728
-57.5099
-4.43118
-49.8595
-12.8125
-34.345
-45.3807
-30.3006
-37.7877
-58.7012
-42.4658
-30.2575
-40.5799
-31.2584
-25.2461
1.02329
-28.7091
-39.7381
-31.8279
-27.239
-33.9341
-29.866
6.8892
-26.4879
-22.5045
-5.22085
-11.3321
13.1869
12.0654
-2.02615
-14.6895
-12.0237
-8.65185
-18.1641
-8.6363
-21.0048
-17.2773
-34.5419
-11.438
-36.1352
-31.0443
-28.2019
-21.8512
-36.2888
-31.1217
-37.365
-40.6908
-27.0425
-42.8102
-36.1033
-37.4994
-36.1744
-26.7235
-27.1654
-41.8847
-47.4593
-23.3834
-42.802
-39.904
-21.8641
-24.5174
-37.6796
-56.3953
-45.2205
-25.632
-43.1195
-27.2445
-50.05
-69.1063
-39.7069
-24.5427
-53.2342
-17.8074
-42.7051
-40.1995
-69.9801
-79.7057
-43.5686
-41.4443
-52.8952
-46.1744
-38.4076
-59.3507
-22.8676
-11.5132
-41.4181
-32.3592
-36.5559
-24.3703
-78.1589
-40.7736
-53.4911
-52.3168
-48.4814
-63.5013
-62.1821
-26.4774
-48.6145
-34.256
-46.0852
-53.2331
-34.8763
-28.2089
-38.4062
-53.2497
-34.897
-46.3552
-47.3587
-30.5573
-40.1675
-17.2712
-45.8191
-38.036
-27.4487
-30.5331
-11.5896
-36.6589
-30.0046
-27.4991
-22.2961
-42.4725
-24.9733
-22.0581
-23.6899
-35.8392
-9.92839
-9.00202
-22.3426
-3.4021
14.084
9.17858
-25.0207
-14.9406
-24.7266
-30.6512
-20.6593
-23.3839
-16.8763
9.72881
-24.6768
0.784538
-25.7631
-21.704
-8.66258
-7.53466
-12.454
-18.0186
-26.2676
-24.8123
-47.4377
-32.0419
-34.7586
-45.2712
-27.1823
-34.5739
-24.6133
-17.8394
-35.8713
-43.992
-56.1008
-15.0207
-61.1969
-4.85694
-76.517
-62.6648
-20.1584
-22.9535
-46.6076
-44.096
-50.3474
-48.2021
-39.4408
-8.88043
-7.49662
-66.2223
-27.8281
-47.1895
-36.4585
-48.7392
-81.3305
-51.2668
-52.6845
-77.838
-33.654
-51.2443
-60.3619
-36.3363
-34.5724
-70.4471
-30.7956
-4.79825
-42.7205
-50.5651
-66.7629
-62.0992
-54.0252
-64.081
-50.307
-35.9148
-41.0986
-22.4373
-67.2508
-34.7715
-34.8089
-23.1608
-20.4271
-47.2018
-17.5161
-46.3957
-1.74046
-50.0377
-46.2684
-27.772
-33.7921
-43.8852
-19.9356
-19.549
-31.7675
-22.6106
-26.15
-20.9248
-24.0256
-13.8455
-16.8372
-16.4474
-21.8356
-31.6176
-10.1021
-14.3454
7.72848
19.6896
8.69255
-16.0804
-12.6071
-14.5313
-15.6347
-18.5451
-1.98139
-0.940735
-0.120026
-18.2906
-34.886
-24.476
-27.3388
-28.3781
-8.66323
-28.4664
-28.2038
-31.2918
-41.7326
-36.1258
-38.0814
-53.4817
-55.3616
-26.8473
-40.7488
-38.3569
-48.16
-22.6133
-39.9013
-27.9207
-27.4318
-50.5387
-54.8402
-39.817
-30.8979
-47.0881
-49.6364
-46.8195
-39.0177
-35.463
-35.2932
-44.9481
-36.3162
-53.3434
-56.501
-27.549
-22.8173
-40.7748
-38.5463
-72.9392
-38.4628
-47.5112
-52.5451
-47.9455
-45.8378
-37.048
-25.1674
-27.9504
-20.0437
-41.1984
-36.8295
-14.7383
-24.5999
-13.723
-49.6388
-31.3646
-19.9871
-39.8153
-37.5992
-14.1483
-39.442
-32.3521
-41.3212
-66.6517
-29.6593
-58.9894
-47.7153
-45.5306
-45.7521
-52.0039
-28.9886
-38.3478
-17.1139
-34.7439
-7.20511
-31.651
-41.5028
-28.8272
-21.1217
-24.9756
-32.6434
1.65069
-32.1168
-37.626
-16.5889
-11.9536
-9.47761
-14.1367
0.85098
5.95939
15.2576
14.6514
-3.48329
-26.0209
-13.5314
-13.1968
9.88964
-29.6043
-13.2675
-17.8746
-7.69198
-20.3497
-30.5903
0.521045
-8.38987
-6.70859
-23.7169
-38.9962
-25.32
-39.6489
-28.5984
-49.2236
-26.7106
-46.6952
-32.8654
-45.1735
-50.6521
-46.3953
-58.811
-24.4747
-63.2863
-34.7655
-48.8787
-21.6161
-53.1419
-21.3239
-44.4717
-18.6383
-29.3999
-41.94
-28.0522
-60.7496
-35.462
-58.0528
-44.1994
-23.0641
-43.9616
-55.9741
-41.1841
-48.6211
-55.3528
-33.4132
-50.5043
-52.2567
-25.4791
-47.1542
-31.2033
-21.9671
-35.5742
-43.4309
-24.0402
-43.711
-44.3951
-38.3502
-55.4264
-45.1255
-46.862
-54.3489
-54.098
-44.4673
-24.6117
-41.9905
-6.36465
-33.2958
-57.796
-21.6436
-41.437
6.57489
-27.182
-44.4682
-23.7673
-38.5325
-58.023
-46.2741
-23.2715
-23.8373
-42.5036
-44.1535
-27.8453
-2.04088
-34.1044
9.08141
-22.2303
-16.153
-25.2107
-6.39927
-10.6011
21.0158
-12.1044
-7.43738
13.3503
15.0751
6.95723
0.308695
3.28333
-10.2194
-12.607
-16.6476
-21.1212
-18.1686
-22.6064
-8.20856
-28.4849
-20.7845
-32.4898
-18.3146
-9.6797
-45.8761
-45.7676
-46.1815
-25.2661
-35.8624
-27.925
-50.8884
-38.1797
-33.3186
-60.3374
-32.2396
-19.025
-37.0702
-35.7046
-31.265
-23.5468
-43.9272
-20.5065
-65.5895
-24.1909
-46.3568
-54.3262
-28.8578
-36.0436
-73.1267
-23.8644
-64.4354
-49.3999
-35.3038
-20.6724
-52.0405
-27.4064
-55.3958
-46.3276
-60.1463
-9.32787
-51.5237
-45.3014
-47.0371
-30.4113
-62.9279
-44.6342
-34.9811
-45.6674
-25.5368
-44.809
-22.4612
-42.5172
-35.1373
-33.0157
-36.1282
-44.6191
-54.6694
-48.4419
-31.6123
-14.249
-28.531
-32.1087
-44.6124
-49.0774
-26.4625
-25.2631
-41.0754
-29.8098
-33.6793
-35.4299
-10.3981
-36.3792
-16.2182
-15.5647
-32.4617
-11.128
-33.5972
-25.5688
-36.6777
-23.0372
7.76871
-26.6976
-14.2787
-11.236
-22.5003
-28.6084
-14.9595
-13.5632
-5.68887
23.7303
6.6352
-12.3438
-8.21538
-19.6964
-2.03034
-7.90921
-16.2915
-18.9982
-15.5864
-10.8108
-38.8129
-20.801
-11.4576
18.5358
-37.6145
-33.4424
-11.4099
-44.4185
-15.8347
-3.04923
-19.6402
-26.4563
-40.4004
-25.1835
-41.181
-45.2822
-51.2723
-42.5673
-34.4499
-39.7555
-26.1008
-54.7748
-29.7177
-38.3953
-46.2543
-29.8434
-35.5245
-49.1542
-41.1266
-55.1523
-46.3888
-18.9457
-47.9982
-50.0141
-20.3206
-45.7728
-41.594
-38.9328
-39.6768
-16.0038
-37.7376
-29.3268
-41.2834
-39.9899
-35.2899
-30.2523
-39.381
-67.5903
-40.3649
-67.3069
-32.8559
-47.0396
-32.7518
-8.81299
-20.2048
-31.8249
-18.7745
-65.081
-7.32617
-37.4078
-42.9342
-56.9153
-7.99149
-34.6948
-39.0218
-15.1665
-16.384
-14.2263
-53.6971
-44.5281
-45.1164
-57.1488
-34.3634
-24.4277
-32.3156
-23.4506
-54.8608
-12.2062
-8.84085
-26.5147
-11.3671
-24.0397
-21.6995
-21.366
4.50892
-10.4042
-15.0134
8.00833
-15.028
0.82928
23.9259
-7.42238
-12.8537
-12.0201
-22.6434
-8.17576
20.5151
-5.21448
-20.5885
-19.6985
-18.2094
-22.9809
-13.2789
-36.7343
6.29705
-20.326
-16.1375
-39.3465
-24.0725
-30.6511
-39.9062
-7.5724
-9.34749
-44.8439
-30.3096
-17.983
-28.8247
-32.525
-40.4332
-32.5585
-28.8192
-35.8438
-44.4339
-31.2334
-7.99946
-14.1981
-37.2966
-24.6452
-44.6216
-60.9787
-61.5785
-37.5425
-50.1708
-64.8856
-28.4807
-51.0702
-34.3878
-50.2903
-13.9525
-51.3342
-51.2634
-40.3469
-41.3937
-36.7051
-43.9052
-45.1297
-60.3527
-16.1734
-36.3299
-47.2952
-35.3486
-31.2192
-47.1495
-30.8729
-51.1177
-24.6281
-72.5776
-40.4668
-39.0116
-42.9654
-33.7373
-47.0802
-28.9596
-45.1694
-30.7319
-56.8908
-18.8121
-80.3473
-40.4004
-4.66247
-40.8803
-9.39247
-21.3585
-11.3023
-25.7113
-53.3866
-29.7229
-32.9576
-17.2078
-19.9783
-6.67246
-22.5313
-40.2839
-38.5607
-25.4363
0.0698168
-26.608
-14.4421
-17.3248
0.48977
-8.01401
24.5033
-7.47159
-4.77347
-10.5141
-7.36836
-22.6591
-10.7812
-24.7242
-6.20381
12.0377
-53.8508
-33.9995
-3.34537
-13.5707
-21.5298
-33.1738
-59.0465
-44.6429
-13.274
-13.852
-14.1816
-44.5385
-10.8557
-31.9165
-8.87661
-41.9819
-22.4896
-39.0485
-6.50635
-38.1307
-56.7681
-44.4141
-5.26623
-16.9514
-18.3054
-42.2925
-27.5754
-59.1706
-21.2903
-46.9295
-43.7633
-53.823
-46.4449
-47.8929
-39.5312
-15.8886
-11.4969
-39.8052
-42.1905
-42.7602
-56.1085
-30.3389
-47.724
-13.513
-61.9849
-51.2272
-29.2321
-40.9494
-57.8261
-40.4636
-50.6547
-18.2171
-23.1953
-19.2677
-37.8496
-15.5951
-57.1684
-42.0573
-24.6907
-61.8428
-33.6669
-46.5977
-39.7596
-66.2608
-19.7963
-41.2831
-33.3286
-26.8909
-47.0971
-51.1516
-17.316
-2.12144
-40.9589
-33.1349
-24.761
-19.0764
-34.0896
-12.0559
-15.1876
-23.013
-36.8597
-20.4371
-27.7993
-35.9477
-15.8338
-16.3822
-7.37813
7.40362
17.2316
-6.9039
-2.48601
29.7288
1.81404
-5.20184
-12.137
-17.8806
-16.7649
-2.90832
-19.6514
-43.6533
-34.4635
-16.2747
-31.4558
-11.9582
-6.80944
7.47007
-44.5348
-17.9193
-57.2127
-8.90964
-93.0418
-33.0736
-16.0849
-46.771
-38.2299
-22.4272
-27.7249
-18.3147
-32.5187
-41.541
-39.3426
-34.2032
-12.4477
-51.0967
-20.6504
-43.9972
-46.6845
-32.7335
-23.4866
-17.4764
-46.4047
-44.651
-25.4108
-45.0448
-42.4597
-10.5728
-56.4923
-34.0867
-29.6958
-42.8259
-42.678
-44.7632
-46.4658
-34.9167
-51.4872
-40.7703
-41.8555
-48.1236
-47.142
-40.9664
-53.5197
-30.3015
-24.1781
-49.3516
-36.1712
-45.5014
-35.9766
-46.0651
-51.1928
-30.4255
-34.5453
-34.6005
-36.2686
-28.5304
-43.749
-15.104
-18.6645
-23.9095
-26.8659
-51.1728
-11.711
-23.1603
-31.7167
-25.7494
-19.7546
1.7434
-43.0287
-0.163786
-39.3181
-7.88091
-3.81482
-22.8291
-35.2625
-6.32745
-16.7085
-13.6296
-32.4977
-9.35351
14.7206
-14.002
34.7721
-19.213
-14.5607
0.145225
-1.80754
11.4704
29.0189
-33.8473
-14.3861
5.03204
-26.4851
-2.19245
1.36634
-39.9379
-15.4184
-29.0967
-7.92347
7.41851
-8.8678
-10.2748
-11.4037
-11.4382
-22.7015
-24.1433
-37.1699
-42.0459
-37.5617
-69.429
-26.0112
-53.603
-44.7448
-41.0894
-30.9229
-37.5311
-44.2472
-38.3936
-15.8693
-15.1359
-40.7438
-28.6826
-14.049
-52.2467
-21.5577
-46.2327
-47.0496
-40.8503
-20.3932
-42.5814
-56.4083
-50.1762
-43.8443
-48.9931
-33.8554
-29.2285
-51.8296
-59.74
-43.5144
-34.2606
-36.6353
-28.0568
-66.4908
-29.223
-40.6208
-16.2726
-54.3336
-52.4929
-36.499
-22.0498
-38.6737
-10.3003
-31.2786
-3.48998
-20.2951
-34.0627
-31.4717
-23.4255
-27.4001
-32.8971
-13.2638
-31.8596
-37.4949
-31.0961
-2.23523
-43.8048
-22.3997
-28.856
-12.3468
-12.3617
-20.8414
-37.8369
-22.0691
-21.5034
8.9573
-10.4055
1.53651
-21.9957
-6.40801
-23.0331
9.37486
13.3624
2.64568
14.2661
23.5634
59.9181
16.3915
9.27343
12.634
5.60115
-7.05531
-4.02893
-9.72475
-0.633828
-1.94414
-27.146
-11.1111
-33.3239
-23.4233
-21.7798
-40.2438
-31.7643
-25.979
-41.2376
-19.317
-3.89375
-19.115
-23.312
-19.3407
-29.1941
-31.4729
-35.2607
-11.0993
-48.3699
-36.1354
-28.8771
-55.643
-37.4663
-22.4015
-29.2603
-26.2965
-41.2194
-26.485
-30.6598
-13.9851
-35.3909
-35.2737
-32.5746
-39.8654
-44.7476
-55.499
-33.137
-45.7446
-57.2529
-28.8833
-25.3248
-43.7499
-39.2113
-20.6527
-44.6876
-20.9261
-30.7135
-44.3624
-34.0251
-26.9006
-69.06
-57.0505
-34.7408
-34.6264
-46.2279
-36.5055
-39.6251
-40.8578
-40.1857
-30.545
-45.4335
-40.6943
-40.7269
-25.2731
-29.5737
-40.5506
-14.6024
-8.93764
-30.1615
-14.4368
-23.2261
-41.3836
-27.4756
-16.6386
-31.6553
-22.3313
-36.2541
-11.4522
-24.3045
-40.3021
-48.9186
-21.4356
-12.1953
13.7475
6.06943
11.0489
-7.79294
5.42027
28.4604
18.5392
17.6704
56.7785
20.9743
12.1817
8.25787
5.07722
5.03701
19.8744
-12.1223
-23.742
-32.1465
-16.0201
-24.2939
-15.6642
-22.3933
-14.9882
-11.2816
-29.0682
-14.5897
-35.9056
-28.1531
-27.1937
-27.4752
-66.6369
-3.42409
-21.5761
-29.0259
-27.3893
-33.0138
-29.4128
-32.482
-37.7539
-52.0712
-54.5712
-43.4828
-56.5617
-46.6222
-13.335
-28.5275
-34.9827
-12.2499
-59.8992
-53.0992
-11.0131
-41.9998
-34.1484
-47.822
-48.9778
-44.8281
-47.1732
-35.4683
-47.6941
-16.8289
-77.47
-56.0737
-47.1446
-21.158
-50.7086
-28.3483
-74.5073
-36.483
-82.26
-35.3752
-41.134
-35.4492
-40.022
-28.5774
-37.583
-30.3809
-44.0763
-49.7381
-9.40107
-19.7524
-57.6965
-28.0909
-29.5261
-37.946
-29.5702
-35.452
0.241189
-28.2268
-12.812
1.48787
-31.9932
-35.399
-5.23075
-39.4404
-17.0831
-42.7451
-30.6052
-17.6098
10.447
3.5511
-1.92414
1.0133
-4.42608
1.13962
8.06546
14.8298
-1.68889
1.64128
32.3209
52.5714
27.8574
20.1489
10.9808
40.6029
6.88441
1.39229
-2.37508
-9.09584
23.9204
3.57182
-11.3315
-10.1303
-13.4711
-32.6175
-43.0944
-27.6462
-18.2272
-15.9102
-30.3243
-25.8572
-12.091
-14.8901
1.84667
-63.8938
-39.2811
-43.136
-25.9854
-33.2723
-36.8606
-27.2976
-45.7385
-45.7054
-41.069
-57.9339
-31.7436
-59.8395
-13.0103
-46.4822
-40.1792
-54.2849
-44.46
-26.31
-35.8969
-28.5328
-59.3391
-45.0222
-47.5056
-66.1292
-43.4532
-57.2047
-45.9266
-26.0992
-50.2318
-36.2404
-33.4892
-43.9491
-38.4458
-22.2888
-57.4426
-30.4997
-36.9871
-22.8448
-25.0594
-36.5376
-27.8911
-41.479
-23.5769
-21.7745
-67.8936
-14.5631
-24.4199
-29.4236
-49.4996
-34.7912
6.44605
-23.0949
-7.4377
-14.4878
-28.0294
-21.203
-34.0417
-10.531
-27.1262
-0.153766
-24.7936
-33.7812
-26.7952
-22.4493
-4.44865
-26.2282
-7.58837
-5.64536
-7.2004
-0.91384
1.25643
11.8151
10.6692
28.8356
6.85346
10.7754
48.5808
33.019
6.91003
21.0685
11.9307
16.9556
6.68168
2.39881
-4.11653
-12.9983
-18.5846
-7.31751
-27.0145
-7.45323
-20.9924
-42.0094
-24.436
-22.9833
-27.4816
9.44045
-31.2719
-17.3097
-5.58695
-38.5597
-33.114
-32.6613
1.05405
-31.0011
-37.7308
-18.4504
-60.2334
-36.1004
-29.797
-80.8385
-31.124
-11.9877
-21.8892
-38.3899
-37.114
-41.176
-44.5219
-40.4195
-36.2286
-13.232
-42.0722
-51.657
-36.7363
-41.4196
-54.7648
-93.3068
-38.9573
-53.7663
-27.4368
-59.1286
-36.4312
-41.8441
-63.8874
-33.0517
-54.186
-50.2557
-50.8855
-21.3889
-52.1619
-46.7349
-40.0741
-59.7823
-2.58667
-35.234
-1.82986
-14.857
-26.4247
-28.7602
-29.5733
-35.022
-35.9954
-46.4925
-53.7041
-8.85521
-26.0087
-28.1822
-32.005
-26.8061
-13.8456
-31.7949
-36.5682
-34.331
-28.9749
-2.82585
-18.8415
-17.5041
-8.91166
-6.15107
-4.7252
2.28129
9.81816
-3.9827
0.7466
8.31928
2.80333
23.6508
33.9813
55.3199
32.8063
27.8268
0.487267
14.7503
9.72457
-7.79708
4.11792
-2.84934
-10.389
1.45365
0.467741
-13.5951
5.0516
-11.4322
-32.1101
-27.236
-29.8028
-38.5799
-47.3394
-26.522
-47.5393
-28.3193
-31.8681
-50.5726
-33.4724
-32.5182
-46.7295
-41.901
-8.02507
-23.774
-34.0722
-41.971
-40.3351
-7.84614
-68.8634
-48.4802
-27.1348
-46.0033
-32.8883
-49.1816
-36.9954
-52.1329
-54.4339
-41.6612
-56.8211
-52.4765
-31.9854
-43.7087
-42.7573
-44.3032
-35.234
-75.4056
-44.2977
-46.0201
-32.1189
-43.9166
-26.5645
-35.4178
-30.524
-15.273
-35.3278
-46.9401
-33.2034
-33.5715
-35.4653
-6.54866
-47.228
-37.7286
-38.3955
-26.8456
-37.6485
-21.48
-32.5574
-13.7084
-30.899
-1.96487
-10.4322
-11.1239
-38.5611
-24.3273
-13.0906
-20.6385
-32.1778
-27.7748
-16.1881
-21.9523
-17.0028
-4.93428
1.63479
-7.79677
-6.90648
3.32552
-6.93717
0.437374
6.05909
9.69604
7.56038
31.7689
24.6164
34.4746
40.5599
45.3147
21.8217
12.2678
5.64091
16.4983
-2.71252
-10.116
5.52418
18.0348
-10.0945
-2.93265
-15.7441
-13.9061
-27.3733
2.33063
-28.0372
-25.2123
-32.6766
-26.8919
-34.0182
-23.2983
-32.9013
-25.0715
-30.0775
-33.5126
-14.9156
-16.9234
-24.0461
-26.3114
-33.4213
-40.247
-31.4016
-32.518
-54.3526
-43.1861
-51.6686
-60.953
-34.4949
-54.9883
-33.9101
-40.0673
-52.7109
-19.7278
-37.6988
-45.7419
-49.7773
-31.4225
-34.7459
-43.2993
-63.0131
-39.4617
-43.5929
-49.4045
-36.6603
-22.5303
-34.4382
-35.2153
-37.5833
-58.0657
-59.9392
-6.15792
-42.4895
-42.5203
-36.3684
-26.9638
-14.8225
-16.896
-46.054
-42.364
-42.5077
-24.8139
-38.2803
-22.8291
-11.8501
-10.4498
-24.369
-27.0557
-38.7097
-32.1503
-28.0853
-4.21516
-17.6417
-21.963
-9.04464
-15.1312
-13.7141
-20.4422
-14.7478
-7.11761
-7.47559
-5.7292
13.2935
-24.2339
4.22958
6.81649
20.2063
3.51456
16.4118
18.3884
38.3834
40.4422
38.209
17.3078
16.2717
7.76056
30.236
5.61204
15.9417
-16.1809
-3.52916
0.785104
-8.18908
-3.70685
-13.4197
-16.8858
-14.6595
-13.5695
-26.7423
-33.2368
-16.6199
-27.6256
-12.1241
-25.7283
-6.9809
-16.0699
-22.9605
-20.0657
-26.4755
-7.10336
-55.3223
-25.1525
-32.2241
-35.1355
-36.5866
-34.4487
-21.156
-30.3041
-35.7149
-26.9493
-23.5193
-43.3653
-41.7584
-63.904
-31.5382
-33.1136
-34.568
-45.4812
-37.1579
-44.0716
-49.6012
-49.647
-38.2656
-45.968
-25.8388
-40.3701
-27.709
-57.8206
-47.0517
-31.7096
-31.7744
-55.1926
-57.046
-54.0911
-24.1299
-37.3291
-45.8278
-45.6853
-25.83
-33.6266
-13.501
-18.0424
-22.5169
-35.871
-34.5842
-18.4701
-27.6055
-38.5191
-18.7998
-22.1952
0.205006
-7.01079
-8.40758
-20.5583
4.40179
-6.89544
2.46264
-11.5486
-13.7869
-2.92934
9.89658
-12.1789
-7.94823
-13.1021
8.80399
-0.439612
1.9607
10.0942
3.16763
20.6815
9.89938
33.7596
39.664
32.6172
7.44502
19.5337
-4.31965
-1.11059
8.12739
5.90766
-4.72565
-14.7033
-17.2735
-0.135004
-9.46713
-18.1399
-4.52977
-15.5631
-17.6814
-19.2134
-7.35771
-3.9511
-24.9122
-25.8022
-12.7941
-25.9963
-4.29185
-37.6279
-21.5219
-11.6681
-39.599
-21.2012
-9.97754
-30.2858
-38.2058
-9.65
-14.0415
-24.2349
-32.2881
-41.8644
-39.0155
-45.9679
-9.31117
-31.496
-52.0143
-42.1192
-42.3902
-26.4499
-43.4752
-46.4639
-72.3921
-27.0298
-82.707
-36.1973
-21.5629
-35.2174
-37.5968
-63.498
-47.872
-50.815
-63.5415
-28.7156
-37.4639
-30.8448
-38.8643
-46.9522
-51.3257
-22.5054
-13.1486
-22.1612
-31.4418
-14.8578
-44.249
-35.0894
-23.4128
-14.0224
-27.8686
-35.893
-21.7417
-28.6909
-11.2267
-23.8144
-30.6
-14.4778
-18.21
-6.33241
-8.33537
-16.6848
-22.5614
-7.91826
-1.77479
-3.6274
-16.4362
-9.3715
0.232317
-1.95321
1.32937
3.80429
12.7008
6.06594
16.6598
16.2255
37.4859
34.7711
29.0076
23.7737
21.3677
2.14688
-14.7782
0.513408
5.35353
1.66809
-8.7015
-0.713773
-4.36501
-11.3994
-10.9715
-7.19445
-12.762
-12.7935
-20.8823
-16.2558
-29.9459
-12.4696
-0.194639
-32.7714
-27.0739
-21.1609
-24.628
-32.0801
-28.7277
-24.1413
-47.5518
-30.2723
-42.0388
-6.83513
-30.0924
-14.2061
-49.1498
-49.3827
-33.0303
-30.9798
-33.1346
-41.7107
-24.3466
-24.3303
-34.6953
-42.1175
-56.97
-42.4581
-39.546
-41.593
-30.7083
-32.4701
-33.0772
-32.5147
-21.7678
-39.0745
-37.8957
-25.4314
-42.517
-46.8105
-38.6381
-25.4931
-27.2091
-36.4331
-12.7547
-45.9061
-51.0164
-31.8248
-30.9722
-41.3195
-23.9745
0.0587082
-33.6478
-32.9363
-26.6288
-2.8048
-28.2964
-8.42229
-22.1658
-15.7638
-7.65404
-2.23867
-26.3453
-17.3926
-16.014
-3.94372
-2.02173
3.15486
-12.3966
-4.38783
-5.02534
-13.4752
-4.44625
8.96372
2.50444
-3.31052
1.6746
4.85858
14.4581
15.22
15.6679
37.8546
41.2706
40.2414
21.6753
8.83274
12.7483
0.527014
-16.7246
4.96496
-3.2594
-2.93067
-3.74516
-17.3327
-12.2541
-9.84647
-8.0484
-13.7421
-16.0334
-10.1927
2.26077
-19.2156
-17.9482
-11.205
-23.9373
-28.2557
-23.0216
-23.3898
-30.7704
-32.9429
-35.8562
-8.92392
-35.1963
-31.0041
-23.9758
-33.8373
-35.7978
-28.806
-13.7531
-49.8188
-20.221
-24.7636
-33.8256
-31.8183
-52.1488
-39.453
-26.0863
-42.4422
-62.2698
-30.7522
-36.1913
-38.6788
-39.1927
-34.3271
-42.8242
-28.971
-43.5605
-34.1624
-12.7187
-20.9178
-30.841
-44.8647
-44.6289
-32.9554
-17.0123
-29.3647
-39.5084
-20.2896
-45.2274
-40.8643
-41.1168
-14.3616
-12.8354
-17.3566
-35.7646
-13.0674
-25.3194
-35.7192
-26.7564
-29.806
-5.83496
-23.9587
-18.3797
-22.1005
-1.77031
-14.1306
-3.00153
-18.3424
-19.7876
-15.238
5.30108
-19.7755
-13.4666
4.08523
-4.02276
-6.58249
-7.0902
-15.4048
9.93376
13.0548
10.1606
24.7656
33.5568
36.3917
37.3587
25.8698
12.1298
13.6438
12.9885
-21.8441
-3.11097
-4.86251
0.383226
-5.6635
8.88412
-15.9884
-14.9693
-6.06245
-14.3798
-11.2729
-8.2767
-19.5194
-7.74959
-14.4277
-25.4612
-25.1142
-9.96988
-20.6451
-27.3173
-8.86879
-27.8558
-15.6035
-37.4917
-20.0294
-41.0452
-42.2126
-31.6166
-44.4106
-42.0942
-33.8135
-47.5505
-42.5835
-13.167
-50.3884
-35.3631
-45.2334
-29.6482
-43.0788
-45.7426
-13.2633
-51.6956
-37.9606
-21.7615
-28.0686
-41.0517
-62.0648
-31.2476
-30.7649
-20.7652
-45.5199
-56.3253
-27.9485
-36.1936
-38.5714
-39.787
-25.7411
-44.7509
-24.7765
-37.458
-33.0008
-29.9637
-6.22531
-37.1125
-7.70137
-15.4088
-20.7559
-26.6919
-16.0616
-20.5274
-13.167
-18.8164
-11.9125
-8.46706
-18.5137
-10.6837
8.34503
-13.4366
-10.4494
1.51856
-14.5092
-18.0044
-17.2249
0.406335
-5.62828
0.0659631
-0.836934
-21.0018
7.18574
-9.96031
12.2452
19.7289
7.65387
26.0463
35.1736
34.9049
37.0113
25.9896
-1.77438
8.072
12.1437
-8.19612
-10.667
0.0706681
1.91402
1.9981
3.56934
-9.86461
-7.23351
3.03717
-22.8928
-6.75466
-23.577
-17.2336
-20.5466
-20.0724
-15.5774
-20.9479
-25.4961
-26.4767
-8.73257
-21.0376
-35.8624
-14.4089
-32.2791
-38.9793
-30.2213
-16.8599
-41.8032
-36.0767
-9.85114
-24.1475
-36.7218
-41.9242
-44.7108
-43.3565
-26.3351
-43.544
-24.3995
-40.5969
-50.8645
-41.54
-21.0837
-42.7838
-37.846
-52.8526
-58.6718
-53.5455
-57.8884
-32.3279
-19.6301
-31.5962
-37.6193
-38.5022
-33.4411
-23.0114
-22.7676
-31.0985
-24.5966
-45.5237
-16.0736
-29.1152
-37.8544
-44.0532
-18.968
-31.9108
-25.1419
-23.6177
-25.9116
-32.1124
-23.9173
-21.1365
-26.1714
-2.95296
-15.496
-5.88087
-22.5353
-16.9423
-17.8989
-6.33132
-24.5415
7.84733
-2.03757
-8.62376
-5.98963
-2.32691
-7.90734
-3.07572
-30.1425
-27.2011
6.70626
8.1761
13.5811
3.5655
22.6486
30.7574
29.8819
25.0334
22.5407
2.43708
14.0459
7.01326
-0.387256
3.24332
-18.9558
-4.42338
1.24752
3.51886
-11.7305
-14.612
1.15578
-4.52634
-3.43513
-21.4846
-14.5959
-17.9164
-11.5202
-8.76073
-12.8098
-25.4051
-18.7979
-23.7376
-20.8912
-22.6002
-27.4651
-26.6913
-22.8705
-26.3362
-30.2686
-27.9882
-16.306
-23.8803
-42.5813
-45.1278
-26.145
-41.8149
-48.8628
-26.3258
-33.8882
-25.9812
-39.7529
-45.3945
-55.997
-47.4693
-31.0464
-39.1615
-39.4206
-42.4509
-55.0205
-46.1563
-49.7507
-47.1058
-31.9831
-19.1344
-44.6537
-42.2584
-27.9494
-43.6902
-24.8386
-18.9599
-23.7527
-22.9502
-33.5434
-38.8649
-38.4962
-21.1099
-31.8347
-22.3899
-17.3053
-19.8449
-13.7265
-21.3656
-17.6318
-22.0801
-13.8621
-17.8858
-15.6613
-14.7841
-17.1267
-0.847755
-20.5476
-27.2722
-8.31034
-12.5677
-7.49949
1.83444
6.63469
-14.1427
-1.05084
-8.67001
-12.2025
1.86046
5.5477
4.33422
9.65335
24.3012
40.5339
34.7274
23.4493
22.4345
20.6272
-0.115878
9.5
8.65199
-0.914602
-10.5942
-21.7877
-7.29227
6.53293
-5.29439
-7.19487
-0.324343
-19.0867
-5.95903
-31.0998
-12.7865
-12.1315
-10.4249
-14.469
-21.3194
-13.2588
-20.774
-25.891
-19.3483
-31.6547
-22.3552
-23.148
-11.9138
-33.1887
-35.9899
-36.7312
-29.4979
-42.4003
-34.8845
-36.1877
-17.2932
-38.8047
-35.9008
-11.9393
-25.1188
-40.0224
-41.9153
-35.3115
-37.0265
-39.1853
-47.6242
-33.0581
-58.5579
-44.0396
-53.4516
-35.0834
-38.5427
-27.8183
-29.6908
-16.0357
-40.1397
-34.0003
-45.6877
-24.9672
-33.1803
-27.8569
-10.7894
-31.9958
-26.846
-18.256
-26.4355
-29.3627
-30.7445
-10.604
-11.1407
-25.8433
-16.7779
-16.5271
-23.1265
-14.4728
-21.4492
-11.7037
-19.3677
-21.6214
-23.1649
-24.5711
-20.7834
-32.7692
-2.29146
15.1322
4.81794
-6.91232
-0.989714
-26.9824
-22.3188
-15.9137
6.28935
13.0362
9.41748
-5.47624
11.4784
25.9447
28.9286
31.2014
32.0492
21.9864
13.2556
-2.422
7.46266
6.70155
-4.64968
-13.6979
-13.4635
-5.06522
-5.80055
-3.97417
-2.0008
-1.94455
-13.0152
-13.6119
-17.7013
-25.3682
-17.5989
-20.4653
-26.1724
-21.7135
-13.4653
-18.5909
-21.6236
-22.1902
-22.4461
-24.7463
-17.2642
-25.1661
-28.9853
-19.1754
-13.1267
-39.475
-41.1012
-37.8198
-19.3134
-28.3401
-31.4242
-17.7955
-29.9289
-30.1282
-52.5269
-39.156
-55.3217
-45.2407
-49.1634
-39.2956
-42.4945
-50.6778
-34.8133
-39.7542
-41.943
-36.3252
-36.3166
-38.3994
-47.0493
-44.1747
-45.5053
-17.8815
-16.7339
-36.0489
-35.3459
-29.594
-28.8115
-34.8151
-24.246
-32.4854
-32.486
-21.0351
-9.23698
-20.3943
-12.9723
-2.48176
-18.6744
-18.2923
-26.0019
-6.76545
-16.4657
-19.5244
-20.6938
-10.5043
-6.37079
-17.6047
-21.0747
-9.04911
-13.2354
-0.383405
-3.48792
-2.8067
-28.3108
-3.62583
-20.1045
7.40613
10.2673
7.45403
-4.94654
15.745
32.6641
28.5597
32.0803
31.026
23.5356
17.7969
-8.44411
11.8769
7.5729
1.21316
-6.08697
-29.2245
3.53383
-15.0464
-0.611864
1.50907
-7.59621
-14.8733
-7.4816
-4.60956
-31.0999
-25.1665
-21.1126
-11.435
-17.8905
-18.812
-16.4883
-26.8867
-22.8375
-26.6153
-21.937
-16.2669
-25.4041
-21.6476
-27.5574
-26.1088
-22.3903
-20.8313
-33.5308
-42.7402
-38.602
-34.2779
-35.9074
-36.2136
-41.3649
-35.3894
-27.4494
-34.4649
-47.4877
-47.0108
-20.4172
-31.8789
-30.0494
-48.9319
-42.4192
-45.3553
-42.6402
-39.9845
-39.3498
-40.2659
-33.2866
-37.1574
-30.9199
-36.0591
-37.3989
-26.7345
-12.8066
-35.0385
-28.355
-18.422
-26.312
-13.1099
-27.4778
-29.7994
-9.60501
-20.9471
-22.5732
-22.614
-27.8914
-15.9305
-14.7389
-19.2601
-22.5106
-23.1317
-6.67892
-10.059
-4.92516
-19.6291
-14.633
2.51819
-14.7302
-15.2098
-0.26222
-14.9886
-2.75279
-3.25246
7.70469
9.32561
0.250816
13.4966
18.9443
27.7741
29.0631
30.3635
29.6774
17.8692
10.6906
9.71176
7.18548
11.9768
0.260067
-7.29427
-7.72822
-1.14458
-15.651
-12.9383
-14.5209
5.65874
-1.54041
-18.8291
-23.6308
-13.8302
-23.1015
-35.1188
-13.5748
-14.1068
-16.4699
-24.3835
-22.1554
-14.6851
-17.3812
-24.1654
-19.0278
-7.17492
-8.71021
-32.2709
-26.8721
-25.662
-18.5333
-35.6685
-29.7412
-30.3389
-35.5452
-33.6012
-39.2668
-29.767
-17.8506
-35.8185
-20.9546
-42.398
-41.907
-42.9964
-45.7591
-36.6403
-57.1824
-43.4214
-20.403
-38.2208
-34.1562
-21.1955
-37.124
-42.447
-45.8159
-31.8324
-14.1915
-22.4187
-23.2247
-33.1836
-28.3905
-30.4651
-14.3003
-26.7838
-25.509
-32.9265
-25.1355
-21.825
-18.2971
-18.473
-22.5215
-2.97235
-23.0661
-26.0644
-34.0217
-17.7187
-31.0832
-19.9281
-15.782
-9.0583
-10.9038
-20.7892
-2.60404
-11.9318
-21.099
-33.5437
-24.7467
2.9492
6.66715
2.35808
6.00778
1.85425
4.47978
22.4097
28.357
26.9769
27.4896
14.0457
29.1499
12.2767
12.5863
12.5133
4.92509
-1.28916
-0.232658
-13.4944
-24.7957
-31.4095
-9.9192
-1.13603
-12.722
-3.06094
-9.40669
-8.51983
-9.16147
-14.5123
-19.8091
-20.4662
-14.2738
-23.4032
-13.4075
-13.6567
-24.5495
-26.054
-27.1676
-25.1525
-21.2812
-22.0577
-22.8454
-15.4961
-22.5058
-28.3558
-27.9524
-29.0151
-8.98501
-22.7539
-12.4221
-21.7865
-30.0275
-34.7691
-33.3449
-17.3684
-35.3929
-38.0483
-36.447
-43.6167
-26.1719
-44.4735
-36.2816
-34.731
-33.6611
-24.9858
-25.7926
-32.334
-38.1718
-32.333
-26.4582
-40.1076
-15.9968
-34.0618
-25.0785
-26.9928
-17.3871
-26.1784
-25.6847
-21.8874
-24.0642
-31.297
-19.5861
-29.2198
-11.2108
-25.6815
-27.3018
-4.00431
-14.7005
-26.4962
-14.6901
-21.9544
-24.98
-18.6463
-15.6375
-13.4526
-9.21558
-16.9339
-12.9464
-12.3843
-27.3734
-9.09805
1.15893
2.06168
5.43165
10.2286
-14.6369
7.38392
17.5152
30.6381
27.2962
29.6318
29.074
30.2714
19.4896
12.0093
-9.89425
18.4292
-4.67249
-3.00113
6.37696
-7.38239
-31.6219
-12.5908
-10.3121
-6.77423
-5.77892
-16.9963
-8.44873
-10.2651
-15.7588
-17.7393
-13.4697
3.92318
-5.88533
-7.52841
-18.4939
-18.9574
-25.1069
-15.9466
-12.8599
-18.1144
-22.1886
-27.3326
-12.6532
-26.5477
-15.7053
-30.1734
-35.975
-34.9025
-22.1706
-11.9246
-17.3898
-21.1124
-34.6935
-34.4039
-35.7324
-40.8252
-28.1477
-29.1703
-35.0228
-35.0467
-19.7121
-22.896
-36.7058
-26.3107
-34.5704
-40.5342
-23.1445
-3.81125
-30.9602
-8.8348
-21.9996
-26.9238
-31.6265
-28.9963
-21.2026
-25.88
-14.0918
-37.0198
-30.2531
-14.4396
-24.8599
-31.152
-16.0971
-18.8556
-15.4496
-17.5169
-29.2951
-16.199
-29.6001
-32.0951
-19.4997
-10.4731
-16.3985
-13.0734
-5.16019
-12.664
1.1861
-21.2951
-3.42778
-4.02377
-11.7045
-0.414094
-1.96485
8.76954
2.42659
-4.87613
16.1075
24.9054
16.1566
32.4073
18.7741
19.9513
29.5837
16.5093
15.5186
-16.962
-4.41998
6.54205
0.323725
7.61038
-16.963
-7.76315
-29.8535
-9.10466
-18.4105
-15.5369
-2.83903
-15.0099
-11.0972
-8.74406
-21.7546
-10.8891
-40.3382
-35.9528
-20.2046
-26.9275
-8.74072
-6.31675
-36.1761
-22.7043
-27.1006
-23.5833
-18.038
-28.1947
-24.028
-23.8433
-5.6751
-22.0287
-29.1538
-34.4692
-37.3998
-24.8662
-21.1193
-31.4528
-39.7708
-42.8804
-38.6642
-22.5749
-34.0731
-14.4815
-40.2713
-34.2566
-26.8477
-39.7674
-38.7274
-43.7274
-24.4464
-37.3684
-21.4088
-9.89671
-34.1359
-32.3584
-27.5266
-9.93361
-23.1402
-30.6921
-15.7331
-30.1098
-26.5628
-18.2985
-16.349
-6.19362
-33.7961
-5.32969
-19.831
-7.91337
-32.8071
-30.2291
-18.7302
-24.7655
-14.549
-16.1914
-5.04864
-10.5307
-8.34496
-15.0815
-12.4399
-20.6371
-11.6245
-28.9795
-16.7063
-5.75704
-5.79085
7.61488
5.527
2.84471
-8.85412
18.46
14.9364
27.7641
23.6625
23.4822
21.4608
16.3521
15.3221
10.1453
-3.10257
-5.35508
0.451756
3.26516
4.96287
-12.6111
-22.5373
-6.70101
-17.384
-24.4142
-17.5717
-16.6501
-1.90635
-16.3636
-11.3485
-15.4917
-11.3976
-23.2206
-28.5556
-22.3507
-7.81257
-23.882
-21.4257
-21.8409
-19.765
-29.7952
-32.3758
-22.8842
-24.7148
-16.1264
-28.6963
-23.4162
-30.7481
-27.3805
-26.6541
-10.0349
-36.0851
-26.8506
-31.3917
-28.3762
-31.9545
-33.2531
-25.3732
-33.3748
-42.2743
-7.67404
-21.5983
-44.3812
-37.8594
-39.9417
-32.0543
-30.5336
-22.4228
-23.4096
-33.77
-35.9491
-34.4921
-18.0164
-34.5059
-27.3196
-24.2035
-29.1887
-28.569
-25.6163
-25.9228
-29.6316
-24.8794
-30.3335
-26.7522
-26.8079
-37.9583
-31.2732
-21.5834
-19.2763
-14.1386
-20.8308
-18.6923
-17.5634
-8.4081
-17.5941
-18.6691
-18.8064
-13.8618
-25.267
7.31783
4.4895
-8.09181
-1.5454
-2.22277
-2.75182
-5.58908
3.83403
23.007
14.3237
16.3575
26.374
28.595
23.9528
17.2913
22.1041
11.2507
1.55056
-6.183
3.00568
9.27141
2.74746
-6.1353
-16.0172
-4.69794
-4.38392
-21.2178
-18.2483
-18.588
-14.4144
-13.5992
-17.1594
-11.3845
-15.7298
-17.7362
-30.4645
-29.2451
-22.9064
-27.8359
-24.5042
-27.8393
-11.7767
-23.2912
-28.8759
-27.0945
-22.3946
-27.5702
-30.1543
-30.0682
-28.9227
-27.1466
-10.3393
-26.5153
-21.6352
-26.1682
-39.1238
-27.1368
-41.419
-38.7158
-34.9918
-35.9743
-30.3154
-39.9995
-31.3224
-28.4066
-28.1747
-34.7928
-31.1888
-20.4601
-32.2686
-35.6847
-26.0211
-33.9882
-37.274
-23.767
-24.597
-18.9272
-25.6395
-30.8144
-19.4374
-12.6637
-23.987
-27.3411
-23.5843
-30.0613
-20.8107
-38.2712
-44.8621
-9.82218
-22.8554
-12.0938
-16.0624
-5.60069
-6.981
-12.8594
-13.542
-17.8853
-16.8758
-7.34587
-31.526
-36.5773
-21.6607
-10.8792
-2.34487
-3.47369
3.33219
3.45024
-6.72027
2.44195
14.4494
15.4699
28.7168
23.6037
24.3656
20.1969
17.1262
19.8292
8.79313
5.19721
-6.07794
-3.83525
0.759395
10.0213
-7.63245
-4.30901
-13.9528
-21.1798
-23.0585
-18.2199
-10.5402
-17.5517
-11.8088
-16.8154
-11.73
-16.8846
-12.7532
-15.5469
-11.743
-33.5882
-32.5032
-10.5986
-39.7397
-20.9964
-33.9489
-19.1817
-25.7324
-28.1781
-27.3381
-22.6729
-24.6176
-30.6472
-29.8494
-36.8789
-26.5173
-15.7474
-34.7637
-33.2489
-34.3168
-30.5992
-30.0004
-30.6661
-39.1682
-40.6233
-31.8018
-36.8209
-10.3357
-33.3371
-28.6311
-30.7707
-38.742
-25.194
-34.9977
-31.5621
-31.2774
-31.4396
-31.9426
-35.1094
-30.748
-32.8904
-16.6025
-22.1463
-23.1162
-31.6619
-21.3872
-9.35724
-21.6957
-41.9794
-19.0995
-29.3708
-23.7301
-20.1905
2.96042
-19.2844
-12.2082
-21.0163
-17.1695
-28.3138
-16.8802
-16.8471
-26.2536
-29.0216
-33.5885
-9.23455
0.0957573
-9.85474
-1.76258
6.46459
3.44371
-13.8887
9.0005
12.1706
12.5811
17.8568
20.6676
17.8439
21.5949
19.7596
16.3725
12.1624
7.7058
-6.94448
-1.02911
0.357291
-3.95069
-1.68127
-7.3828
-17.6973
6.46146
-20.678
-10.5699
-17.5878
-23.0734
-8.74725
-11.7519
-11.7216
-23.2067
-17.9058
-18.534
-2.21415
-16.7275
-32.4276
-31.6585
-28.5903
-17.3089
-23.5234
-23.656
-17.0473
-15.6127
-22.2122
-24.4475
-18.5047
-26.9538
-27.1138
-28.3213
-28.1817
-23.5544
-37.4537
-34.222
-23.5607
-31.6213
-21.3278
-36.7492
-26.7645
-40.474
-13.8859
-31.0543
-27.0695
-18.4627
-35.6231
-22.4382
-29.3937
-28.6887
-32.1481
-27.5999
-27.4772
-30.4348
-26.6488
-19.7351
-29.9438
-17.4973
-27.8731
-17.6875
-28.9005
-29.8248
-37.7746
-16.6741
-25.9273
-10.8794
-28.8957
-22.5226
-33.3715
-23.9467
-18.7615
-17.9888
-10.9471
-17.7408
-11.2309
-17.4761
-12.5655
-12.4317
-4.5809
-8.2843
-17.31
-8.8579
-4.06922
2.57625
0.7349
0.0749854
-6.61556
-7.83594
13.0214
17.592
14.694
21.9068
15.3738
19.0501
16.2824
25.4008
22.4056
10.8629
10.4406
3.83852
-1.63767
-1.95882
-3.54909
-10.0147
-3.73593
-11.2739
-20.3439
-23.8291
-8.29425
-31.4969
-20.7028
-13.6436
-18.6019
-14.8392
-27.3831
-9.88592
-2.80051
-21.4431
-9.44265
-1.21817
-16.4771
-16.0267
-45.1511
-14.369
-21.5892
-6.52632
-15.4533
-27.6934
-28.3183
-26.032
-23.0429
-29.4404
-29.8753
-16.8425
-30.1989
-31.6926
-31.8385
-32.0911
-26.0403
-25.6667
-36.0404
-11.7841
-31.7897
-42.5059
-40.6676
-28.6057
-28.1389
-39.0699
-28.248
-30.9839
-27.212
-27.8908
-15.4613
-25.3802
-22.5517
-33.5378
-21.7833
-17.8609
-13.962
-12.7755
-31.3294
-10.5224
-34.2605
-28.6363
-39.4703
-37.2724
-37.2433
-35.2652
-27.1631
-12.4172
-14.799
-13.5022
-20.5719
-19.605
-26.934
-13.2194
-17.4899
-5.36038
-1.12241
-0.749832
-17.3282
-13.2826
-14.6638
-1.41972
-10.7578
-1.55392
-5.88617
-7.06789
-3.1916
1.09147
13.6997
24.4904
23.6062
24.7534
23.1965
21.032
23.8707
10.3909
11.9898
7.77125
-3.15853
-10.3858
-3.68407
-3.21344
-0.326751
-10.9816
-13.0912
-6.6408
-14.5221
-19.7844
-26.8752
-6.29206
-10.2911
-15.0804
-13.6963
-15.5069
-20.1313
-16.0014
-16.8269
-24.579
-30.9901
-17.0148
-21.7093
-27.3523
-31.1501
-38.407
-27.4798
-22.3499
-27.02
-31.2041
-39.9288
-22.6491
-25.6734
-31.2763
-18.942
-22.945
-22.1758
-2.89609
-29.1493
-36.4139
-8.27107
-25.9232
-32.9814
-34.8735
-34.7631
-39.181
-35.2081
-33.035
-20.3621
-33.9552
-22.2343
-37.8422
-34.1266
-28.8179
-17.3048
-28.9496
-25.0784
-24.2011
-14.0708
-25.0364
-25.3832
-25.6123
-24.5239
-31.4371
-37.8628
-35.7433
-23.3759
-30.4843
-28.581
-1.39724
-16.099
-16.7095
-24.2985
-20.5777
-13.7706
-16.2592
-15.6829
-30.2602
1.96823
-15.1538
-31.7241
-12.6737
-13.0547
0.865036
-1.55532
-1.86126
-4.67934
0.817433
-14.6896
4.19807
3.56893
13.7593
11.9666
19.582
22.7493
23.3075
21.7556
26.1298
13.742
12.6814
3.51028
-6.18381
-12.7549
-12.7372
4.87579
-4.63544
-4.4959
-15.8961
-14.3315
-21.2119
-20.0522
-18.2964
-9.64304
-24.5202
-4.49357
-11.1718
-8.34729
-20.3498
-20.1404
-18.2583
-16.5737
-22.3753
-22.8727
-11.7333
-26.6462
-11.048
-27.0619
-30.9037
-5.10096
-15.898
-28.09
-31.1983
-25.4814
-34.1603
-14.9173
-32.1606
-26.9136
-39.0314
-30.3535
-28.5293
-29.7554
-19.7181
-25.9409
-35.8027
-41.585
-20.0679
-38.0283
-32.2594
-32.9624
-34.2159
-29.0954
-14.0826
-33.3313
-32.5192
-28.9486
-33.0793
-23.6311
-27.4193
-27.6328
-20.7685
-28.7935
-35.7229
-30.0906
-35.3254
-10.769
-15.5822
-22.5294
-1.04279
-15.9283
-18.2831
-14.2437
-9.13949
-13.8262
-17.4889
-16.9248
-15.6734
-23.3431
-7.95359
-5.8367
-26.9502
-20.0611
-35.1089
-22.0948
-10.5696
-9.17986
-7.43468
-5.22923
-3.7354
-6.50835
-13.2649
8.76531
6.15704
17.0829
21.1348
14.2567
17.5057
20.709
22.6021
20.1877
24.3967
14.2416
8.816
0.097288
-5.79869
-3.56639
-3.11243
-5.95769
-7.0989
-2.20696
-6.99646
-21.7103
-8.32037
-28.5342
-30.2079
-22.1892
-7.88905
-16.3446
-16.5835
-14.8947
-15.8453
-19.0216
-13.1968
0.064246
-15.7781
-26.0534
-12.3634
-23.6487
-25.6414
-45.4086
-12.8158
-27.9396
-30.815
-30.5886
-17.9772
-32.2001
-27.9888
-15.5003
-38.9335
-34.5403
-26.9065
-26.0796
-26.9871
-40.7095
-34.0674
-28.3843
-33.1674
-36.8097
-18.0838
-36.7064
-18.3498
-28.7768
-22.8934
-25.6517
-29.6332
-23.2676
-33.1069
-30.9809
-26.0068
-25.4485
-23.9326
-30.99
-13.1395
-31.8232
-27.5477
-26.3514
-27.7143
-42.2886
-22.3492
-26.8851
-26.6179
-18.2536
-18.2184
-20.4731
-17.9765
-14.3676
-19.8356
-23.6909
-20.4483
-22.2093
-20.0772
-19.0656
-20.1231
-28.2053
-14.3478
-10.5205
0.885625
9.02694
-0.575611
-3.02126
-20.0552
-3.04783
4.6611
10.1489
11.3587
10.6118
21.2677
21.1993
20.333
12.638
23.2569
14.7486
15.9906
4.32254
5.30877
4.36913
-8.60521
-5.95917
-7.54205
-1.86771
-4.10776
-6.61432
-14.8757
-0.203404
-32.9853
-27.5524
-19.1534
-33.5491
-10.5911
-13.23
-19.0262
-20.9505
-20.7827
-19.2774
-18.0258
-2.62015
-23.1349
-25.0888
-35.2179
-29.2861
-23.6393
-13.1078
-13.6131
-15.2498
-32.9462
-31.3122
-12.8091
-33.0139
-27.8782
-16.2057
-25.6536
-16.7876
-33.4521
-30.6021
-28.9549
-30.2464
-36.9941
-30.7791
-27.3401
-31.3997
-27.6307
-30.4209
-29.6602
-21.3945
-35.1473
-33.662
-21.9379
-24.0128
-16.8662
-35.5871
-28.1246
-16.2165
-6.65094
-26.7744
-31.4958
-46.2262
-36.6921
-36.5986
-27.34
-12.0275
-17.8051
-25.5266
-18.5466
-22.0146
-11.9022
-30.0606
-13.7574
-18.2714
-27.9996
-23.8043
-30.2432
-29.2341
-24.1577
-12.4529
-15.3185
-12.3678
-9.49955
-12.9049
-10.1623
-4.11451
-1.9125
-15.8235
-13.2085
7.8064
16.5495
10.7831
16.3162
6.25071
16.4044
26.8937
17.0613
20.192
21.7189
8.29987
11.9378
7.03138
-3.66929
-20.1654
-12.1144
-1.90321
0.118533
-12.0578
-4.83827
-14.2954
-14.3436
-29.8398
-30.4098
-33.7892
-19.4568
-15.6695
-18.9119
-0.871869
-15.0276
-20.6718
-13.5513
-17.6736
-21.7395
-19.729
-22.4841
-27.5556
-24.8592
-33.9445
-4.94485
-49.0772
-28.9705
-33.3296
-26.4255
-29.7504
-26.1307
-33.7342
-33.8133
-26.2706
-25.6144
-29.4333
-33.6583
-32.4755
-25.2066
-28.0746
-35.086
-28.848
-36.269
-30.138
-28.2831
-21.7995
-31.8931
-36.625
-31.4951
-32.416
-11.7902
-18.3482
-29.1726
-17.8739
-37.1752
-44.4817
-33.0196
-45.4349
-38.926
-29.1577
-29.2466
-22.1661
-27.5165
-22.3525
-15.7244
-20.8983
-24.675
-15.1107
-21.0213
-22.7004
-16.5472
-12.2575
-34.9609
-14.348
-13.8584
-8.03933
-19.7346
-15.0136
-3.8944
-12.0169
-3.44044
-1.28699
-8.7825
-1.73844
-14.2331
-8.06194
1.0786
4.39809
15.3022
22.8821
18.3963
11.0402
21.7881
21.905
17.9892
16.3191
6.03418
15.2255
8.30078
-10.6175
-8.09939
-12.0432
-0.563059
-12.6274
-7.82799
-6.43577
-6.74398
-13.3073
-21.8711
-9.89871
-24.1791
-10.4418
-34.8224
-25.6873
-27.2889
-19.815
-19.9419
-18.9819
-13.0063
-22.7339
-16.5982
-9.88664
-16.4195
-18.2931
-37.6049
-25.137
-0.535693
-6.62575
-27.0693
-43.5517
-27.015
-26.5319
-29.9422
-31.0616
-30.3342
-8.42187
-24.7163
-10.0005
-34.9053
-29.3715
-25.3897
-32.8229
-32.4125
-24.6293
-34.6024
-29.7065
-25.2339
-41.6806
-13.2376
-30.5681
-31.6504
-37.9333
-24.0884
-26.5952
-39.7349
-36.1261
-51.6619
-18.0555
-30.2908
-25.841
-22.9372
-13.5505
-26.8975
-23.5776
-23.3675
-26.4111
-25.8038
-14.1895
-18.8751
-24.7951
-17.731
-15.1012
-31.6966
-33.6482
-23.1383
-23.4147
-16.1988
-15.6664
-0.256925
-14.607
-14.7135
-1.30728
-3.01183
-6.79532
-7.32491
-27.5586
-3.84085
10.529
15.0836
11.9127
17.356
15.3509
14.7204
16.7071
7.07501
11.2988
20.831
7.24484
12.2317
5.96073
1.80676
-3.08356
-7.91035
-1.60179
-7.69989
-3.39579
-8.8946
-16.6617
-26.5145
-25.7809
-10.4573
-20.211
-40.364
-17.403
-28.5839
-16.7502
-21.687
-17.8928
-17.2831
-11.8814
-22.9143
-15.1517
-26.8951
2.69453
-13.4892
-27.1128
-26.9097
-32.5746
-37.1743
-19.9137
-35.9953
-23.6132
-41.0232
-28.9711
-44.521
-15.0931
-36.6903
-31.1987
-12.1062
-27.1236
-31.7721
-11.4104
-30.4484
-32.1316
-39.4413
-16.5752
-31.8265
-32.8931
-32.8412
-14.7486
-37.2902
-41.1962
-27.6192
-41.2907
-25.7212
-28.4086
-11.9677
-9.36009
-35.0586
-28.8943
-21.6635
-26.6999
-19.5601
-21.7816
-22.4546
-20.8185
-27.0246
-18.8477
-24.5344
-11.1467
-27.9812
-5.89928
-31.9376
-32.4103
-30.3123
-9.47389
-16.863
-23.2417
2.36069
1.05373
-11.0693
-5.23627
-2.08022
-6.08928
-14.6694
-10.4395
2.58231
6.51769
7.27212
7.42468
15.5345
16.2248
24.3069
23.7297
13.3925
14.6251
14.7141
8.74802
10.7552
8.78507
6.65922
-2.20908
-16.2775
-3.17069
-4.57461
-4.84783
-2.28742
-3.23132
-16.4155
-17.2889
-9.21383
-20.2059
-18.1919
-24.3958
-3.02607
-26.6335
-28.6095
-21.1022
-18.4719
-27.2311
-19.6859
-15.6388
-19.2777
-15.8984
-25.1361
-14.4396
-23.5645
-26.3518
-30.445
-23.1652
-37.8117
-38.5575
-34.9612
-29.6548
-32.0044
-25.8932
-21.8931
-12.0841
-42.121
-32.4649
-29.9833
-21.8954
-26.5322
-31.3497
-25.7858
-27.2144
-34.8802
-30.9721
-32.4115
-29.6355
-34.8592
-5.64943
-35.1473
-28.0867
-18.015
-28.431
-24.8617
-16.2828
-32.3736
-40.4059
-21.0611
-24.676
-23.7891
-18.2254
-15.5676
-24.1219
-27.583
-26.9503
-22.477
-21.0961
-23.8682
-19.5797
-26.3708
-19.8106
-27.4448
-27.0927
-34.3221
-10.7564
-24.3232
-17.4545
-11.6595
-12.5875
-6.24635
-6.12836
-3.04499
-3.2906
-10.2522
-12.8515
0.00633878
3.16648
13.6941
14.3842
20.8174
17.8116
11.25
20.0709
13.912
19.4928
11.7119
12.5164
7.60741
8.49312
-2.39204
-14.4311
-13.9839
-5.83809
-2.92287
-2.99198
0.114619
-6.79588
-19.3884
-7.70333
-27.7263
-29.5386
-16.4602
-22.9918
-19.4942
-13.313
-13.7994
-21.5827
-23.0569
-15.5703
-19.0054
-24.8769
-4.56234
-24.2936
-16.6427
-29.4861
-28.1888
-32.1832
-33.6589
-9.86267
-31.5119
-33.1514
-31.2251
-31.1978
-20.724
-34.1696
-31.9461
-30.7552
-35.1526
-28.9074
-28.0335
-27.5046
-32.9835
-31.5219
-27.115
-30.2145
-29.8289
-32.7676
-26.9412
-11.8888
-34.6038
-16.3937
-24.8689
-35.4585
-21.2019
-17.8684
-17.1927
-31.6118
-21.5673
-25.2014
-22.8451
-28.2058
-22.9154
-14.5152
-12.0459
-20.4039
-23.1045
-20.6641
-20.7987
-24.9407
-29.0496
-11.7666
-26.2083
-28.0871
-31.1568
-21.052
-31.3215
-17.8965
-12.9431
-9.92843
-11.5573
-9.30684
-5.13151
-9.31964
-10.1499
-26.7492
-1.4486
2.32132
7.11606
6.96435
13.1131
14.7567
17.0959
18.0989
12.257
9.61105
7.19516
5.82592
13.1323
11.1156
2.80814
1.58365
-6.21863
-11.2973
-18.8113
-7.96463
-7.13311
-5.19909
-11.1156
-11.5384
-7.71395
-15.1268
-35.3422
-16.7978
-21.2114
-32.8669
-26.4691
-29.1981
-24.1123
-19.28
-20.7424
-6.21333
-26.9547
-19.6108
-20.7254
-19.5437
-20.754
-24.381
-31.817
-11.3829
-26.27
-16.5664
-42.0399
-41.4419
-40.7817
-15.0324
-21.6702
-34.5059
-32.5723
-27.6989
-37.837
-32.524
-24.86
-39.016
-31.1566
-33.9038
-19.7776
-21.1715
-38.7017
-12.0311
-43.6659
-36.6913
-40.5823
-33.3451
-27.3218
-34.3135
-20.3397
-23.5209
-20.4114
-27.8214
-29.5757
-17.0045
-15.8424
-23.5528
-23.8869
-19.0134
-24.0336
-32.2206
-25.7303
-22.4307
-23.4174
-29.4437
-29.0188
-25.0811
2.02552
-25.8393
-27.5999
-16.6353
-24.937
-12.4852
-11.4703
-6.89608
-2.08445
-7.84366
-8.00292
-25.8452
-4.70366
-0.327139
3.34194
4.48169
7.98887
9.6766
14.8931
9.23792
15.9445
19.272
13.067
10.6968
13.0076
8.67611
6.973
-1.12303
2.92881
-4.66025
-13.4707
-6.38937
-3.30916
-1.73311
-15.1031
-8.13628
0.288137
-14.7512
-19.927
-26.6543
-15.4206
-17.0152
-15.4351
-32.99
-25.4479
-18.6943
-4.16574
-17.3604
-3.86183
-25.345
-23.8409
-18.6912
-18.8519
-15.9972
-25.6638
-31.6232
-27.2114
-34.358
-36.8743
-31.2169
-27.7465
-38.9575
-56.7664
-52.2161
-34.191
-22.2739
-19.2625
-24.1994
-29.9504
-26.0708
-37.74
-32.253
-35.2659
-35.8946
-32.5878
-25.9481
-31.5411
-27.4292
-38.5571
-28.5318
-40.1726
-35.0568
-16.3988
-39.0157
-14.0829
-24.0538
-19.6905
-25.466
-28.6306
-26.5056
-26.0656
-23.9736
-25.845
-25.0283
-20.7613
-25.7061
-27.842
-8.06674
-22.6552
-31.4038
-30.7852
-13.0875
-18.3537
-28.0365
-27.7031
-22.4297
-11.8705
-4.29788
-4.0804
1.90626
-5.67575
-8.01283
-7.62817
-0.819318
-5.70809
2.28588
4.07415
14.9421
9.68241
6.99029
21.1885
24.2756
13.8466
15.4064
7.70494
8.8456
12.905
16.2695
6.4349
-6.26073
0.989128
-6.71866
-11.9725
-12.3648
-11.7725
-5.33894
-9.98175
-11.7812
-10.5893
-13.6168
-18.4207
-17.1858
-26.6269
-32.0458
-21.2158
-38.1693
-43.9565
-33.2113
-26.0813
-27.8209
-19.5356
-28.0871
-13.9919
-21.1966
-25.4684
-20.9592
-12.954
-20.4534
-20.4076
-24.3535
-29.8952
-29.15
-38.9598
-21.604
-39.0703
-47.449
-32.1862
-33.3879
-35.4146
-36.9324
-37.5942
-31.2283
-34.271
-32.5086
-41.0917
-25.7809
-27.1273
-34.0947
-39.3517
-30.5075
-30.466
-23.6134
-22.4652
-26.6413
-30.4671
-30.7899
-17.9083
-22.7703
-9.08746
-19.6904
-17.004
-17.4395
-22.296
-27.855
-14.3417
-21.7493
-14.2425
-9.6678
-23.7012
-34.5356
-54.5234
-15.7274
-32.2088
-6.22545
-23.9535
-22.4941
-11.8011
-15.3687
-12.0104
-6.41434
1.75651
-5.16182
-15.0726
-14.8232
-3.23413
-2.72586
2.41858
2.703
11.5982
12.2005
12.1848
17.3125
8.82053
16.6893
9.38109
11.0874
12.9147
7.123
4.09364
3.10972
3.63591
-3.51475
-10.4135
-22.6027
-2.11003
-6.45962
-3.80185
-7.76035
-3.90146
-4.01854
-18.1638
-19.2248
-15.7917
-16.7204
-31.4333
-52.3927
-15.0441
-36.4039
-36.2628
-25.5011
-26.6466
-11.5758
-18.8734
-25.9446
-17.0273
-20.0408
-21.4013
-34.0665
-31.1611
-23.2592
-20.9707
-25.7452
-28.7668
-23.7763
-31.5265
-44.0919
-47.3455
-40.6188
-12.7773
-33.6357
-27.7974
-29.1346
-39.3158
-37.8311
-14.4525
-33.5238
-37.3346
-34.1072
-33.6037
-44.1752
-32.9027
-29.8004
-46.0306
-34.6748
-27.5648
-28.4817
-31.8157
-18.5407
-20.3389
-11.4055
-24.7052
-19.168
-28.5834
-18.167
-8.37675
-5.69332
-27.119
-21.7654
-26.9223
-30.5986
-12.7929
-33.8338
-28.3726
-44.3516
-19.6155
-21.7872
-3.24666
-8.15758
-22.2786
-11.8374
-2.60541
-8.81354
-6.96154
-7.71138
-11.2997
-6.53982
3.66491
3.81336
6.25054
12.0043
6.36968
14.3662
14.9131
17.0658
6.84394
15.2159
16.3676
20.5846
13.7534
8.68934
1.46773
2.08737
1.63064
-4.11624
-14.581
-1.64535
-10.6273
-7.52196
-8.89154
-24.6144
-7.4846
-6.51493
-16.116
-23.6397
-19.3339
-32.2963
-21.559
-25.1143
-28.1559
-22.8444
-15.4153
-25.0623
-30.7779
-26.7749
-27.1893
-15.4083
-18.7454
-23.0924
-24.853
-20.7762
-29.6149
-32.1269
-19.9096
-36.6586
-19.0144
-19.376
-25.9884
-29.0587
-25.5913
-33.5712
-52.1985
-24.4693
-47.5599
-24.2152
-23.883
-41.1205
-25.6127
-18.2053
-44.4518
-46.0407
-33.3349
-39.1075
-41.695
-32.6164
-26.1571
-20.1264
-32.3675
-35.2215
-12.8228
-27.0119
-24.4019
-21.6515
-18.5562
-2.90963
-21.7395
-28.1141
-23.6068
-23.5655
-18.7691
-15.1535
-31.0299
-17.5686
-24.2263
-39.0741
-25.8765
-24.7175
-18.3245
-15.7764
-11.2524
-6.29927
-11.6807
1.28904
0.846825
-9.64301
-11.6787
-23.1465
-7.77907
-3.99081
3.62611
5.77159
12.7215
7.08347
13.3793
11.8669
14.1029
18.0179
8.49757
15.62
8.78798
13.5996
6.33212
4.61268
3.31179
4.00643
-11.0483
-20.6691
-9.34148
-10.8055
-12.3397
-11.0118
-8.58478
-4.15875
-4.55653
-18.0396
-17.9641
-24.1002
-28.2091
-29.3932
-15.3221
-28.4247
-26.6012
-28.9387
-33.7608
-26.4925
-24.5776
-22.5967
-24.4722
-32.6806
-23.7485
-22.0988
-25.7509
-24.7102
-31.4749
-20.1754
-21.8432
-40.766
-31.1881
-41.2371
-20.9179
-39.5196
-23.8691
-45.1509
-28.1611
-42.0843
-37.8995
-41.7027
-24.9125
-26.5161
-43.1323
-10.9006
-52.5116
-48.4664
-44.9185
-38.9558
-39.6923
-24.3112
-25.3877
-15.7347
-29.9651
-22.2962
-26.2591
-23.8734
-22.3103
-13.9513
-20.7992
-15.3999
-21.6096
-23.9374
-35.2395
-21.266
-31.5579
-38.5097
-31.1947
-30.4866
-8.99719
-22.5155
-19.9142
-17.5699
-6.38199
-15.9504
-8.1512
-6.05722
-6.36298
-7.0262
-11.8964
-17.4926
-10.898
-4.03349
-5.08972
9.14992
4.88091
2.54426
15.4594
10.1206
11.7037
9.62964
8.45915
11.2425
7.07396
9.60381
8.94414
11.3625
9.5714
6.34248
0.263561
2.42032
-17.8392
-21.4173
-6.70029
-4.61534
-6.07305
-11.2872
-13.052
-22.82
-12.0428
-14.6004
-30.4499
-29.8449
-22.8753
-24.5784
-21.6981
-32.6086
-37.0229
-18.1934
-15.0071
-24.6399
-24.4002
-25.495
-23.057
-23.6014
-17.0248
-28.744
-26.7823
-27.716
-30.5417
-20.9296
-14.4012
-23.3101
-29.6539
-22.0622
-38.0054
-20.3369
-30.1894
-18.341
-23.6067
-42.9105
-15.3364
-44.0496
-39.4497
-20.2368
-27.7864
-39.4619
-30.9688
-35.7909
-24.9665
-29.3718
-23.5948
-16.4247
-31.6091
-24.9384
-36.7575
-21.4483
-23.2879
-32.5803
-15.5644
-30.5276
-19.8792
-32.0107
-6.86033
-33.7866
-32.8992
-24.3973
-13.2269
-22.099
-23.8393
-33.0715
-18.669
-8.16148
-16.3516
-22.3187
-15.9355
-14.8418
-15.7321
-4.32361
-9.22412
-16.7954
-15.9562
-7.45972
-0.204027
3.41755
2.98512
4.28937
14.6959
7.07531
10.2486
17.9799
12.3898
4.6917
15.1436
9.31139
4.41338
10.647
10.818
2.4332
4.26063
8.25449
-5.2196
-11.8277
-8.11675
-9.1684
-8.33811
-8.48157
-12.4327
-7.91004
-12.5806
-19.2815
-13.1921
-26.7992
-13.8553
-38.8105
-2.13411
-43.6946
-35.6391
-22.3035
-25.8531
-29.5559
-13.9128
-30.6427
-18.3326
-22.5152
-34.7988
-24.2366
-24.0318
-19.4514
-17.0438
-18.5523
-22.2589
-32.4765
-32.6628
-29.2712
-18.7251
-40.8575
-32.7099
-32.5493
-54.4126
-40.8645
-28.1332
-37.345
-43.5171
-25.01
-29.6116
-37.34
-36.0908
-31.2498
-41.9538
-30.816
-31.9069
-32.6655
-30.4403
-21.9058
-32.8054
-20.4212
-22.2034
-22.7347
-17.725
-29.7704
-8.59529
-27.3489
-19.7485
-27.1982
-30.404
-24.1165
-18.9677
-23.9245
-20.8854
-22.0802
-14.3213
-12.6357
-23.3371
-10.4232
-7.30687
-15.1865
-10.2647
-10.8191
-15.6738
-19.2488
-16.4317
-11.6649
-9.04346
0.507223
-0.0423172
9.67981
10.0154
5.9725
10.1596
16.93
9.91848
14.3791
12.3953
7.36077
13.5218
4.92256
17.0623
7.46564
-0.362494
3.26692
3.72653
-2.04346
-14.4138
-28.1303
-13.4503
1.18002
-5.41903
-9.10508
-12.3221
-14.0952
-11.4255
-14.5443
-22.1068
-22.2503
-29.9284
-28.6692
-24.308
-39.2152
-28.4705
-30.395
-32.116
-34.209
-31.3029
-27.1835
-25.6471
-22.7386
-29.8499
-15.0175
-23.4924
-28.0136
-32.6938
-31.6286
-26.7852
-20.0866
-33.9311
-29.6485
-31.7805
-29.8972
-33.0219
-31.9891
-49.2043
-50.4697
-24.4124
-43.8069
-36.3703
-38.7907
-42.0998
-33.7473
-32.3506
-37.5452
-27.7923
-34.391
-30.0263
-27.7514
-22.9655
-32.7712
-19.733
-12.5964
-27.9008
-24.7629
-14.4819
-21.3852
-32.1887
-22.7355
-32.0812
-31.1521
-31.6832
-33.0412
-14.2461
-21.1806
-23.0057
-27.0853
-15.339
-18.9579
-8.65087
-7.44274
-6.27883
-3.25923
-15.8772
-8.83545
-19.1794
-18.8343
-22.4109
-10.3709
-5.01343
3.52606
-0.33625
10.1372
5.74069
1.53938
14.2687
10.6159
10.5885
13.7475
17.0004
5.04817
8.84546
12.0738
14.6608
2.71829
1.27851
-3.70156
0.730231
-16.3504
-13.2948
-19.5169
-10.1395
-9.24463
-7.43701
-12.3634
-12.5352
-12.0526
-8.17562
-8.95205
-17.3859
-28.0228
-26.9782
-35.4686
-34.9316
-41.9146
-24.0387
-24.4388
-32.855
-22.9312
-25.425
-30.2181
-28.0735
-18.6301
-18.8211
-11.4414
-25.8871
-20.3889
-33.8737
-32.2144
-33.9727
-27.0194
-26.9938
-33.5727
-25.0438
-33.2307
-37.4211
-29.4394
-41.4385
-39.7405
-57.3404
-30.493
-11.1047
-33.5648
-15.7871
-26.4154
-34.5163
-24.4465
-30.7695
-26.709
-28.664
-36.4811
-32.5978
-26.5376
-25.5459
-27.6929
-24.0453
-26.853
-26.889
-28.2248
-31.1554
-33.278
-7.79803
-23.7584
-49.8296
-22.7818
-31.7741
-18.4186
-27.6683
-18.142
-25.2333
-15.039
-16.2615
-14.7617
-8.34251
-11.8432
-8.06789
-16.1493
-12.0725
-18.8714
-12.4315
0.98532
4.85263
8.05253
6.11766
1.8983
11.2052
10.1547
11.9449
10.9507
13.7247
13.1005
7.9548
11.3306
7.12161
0.363193
12.6439
2.25449
0.876075
-3.63626
-4.36792
-9.10796
-20.3479
-14.512
-15.9302
-19.534
-6.88184
-9.48213
-16.5643
-22.0149
-16.3102
-18.9343
-18.7716
-21.2676
-15.4866
-38.2847
-31.7514
-18.561
-39.3949
-22.2272
-5.03795
-40.3312
-29.9281
-21.3232
-22.7781
-32.2455
-26.2101
-28.5312
-26.3603
-32.162
-15.5775
-28.4749
-23.0402
-16.6796
-39.6452
-26.961
-31.8461
-24.02
-36.3913
-41.3591
-26.72
-22.9229
-43.9811
-22.2119
-20.3891
-39.593
-33.3314
-24.8518
-25.796
-21.5459
-17.9822
-28.7216
-1.48801
-25.3286
-23.1153
-30.3401
-31.8382
-19.6292
-20.7681
-30.4528
-19.6287
-36.9307
-11.7536
-36.9274
-34.3113
-39.5502
-22.1051
-25.9688
-21.3708
-27.7116
-18.6639
-17.3685
-18.752
-18.4941
-16.5528
-12.4268
-4.04239
-10.3638
-18.4045
-12.8451
-16.5058
-6.66088
-6.15161
1.90594
2.93957
4.67045
5.34096
9.69904
8.43082
6.88964
12.1026
17.6312
17.1505
7.98056
3.45626
9.4945
14.172
11.2054
0.411229
1.75867
-2.75804
-0.0707389
-11.9346
-34.5469
-15.4576
-7.98606
-6.17221
-12.1164
-4.14366
-7.89806
-13.5417
-15.0414
-17.5702
-17.4082
-19.6672
-30.9653
-16.8615
-39.7871
-36.5665
-34.1643
-20.4187
-29.9639
-36.3574
-32.5208
-26.0583
-19.0068
-24.2187
-30.0546
-28.3042
-25.6955
-22.6787
-33.4461
-36.085
-18.9189
-26.1883
-22.7904
-29.8283
-22.5395
-37.0114
-17.2866
-38.9713
-44.8172
-35.9646
-39.404
-9.70135
-32.7931
-35.5081
-17.0978
-28.9033
-30.3297
-28.1119
-31.4203
-24.835
-20.9708
1.54678
-28.8411
-22.0204
-27.1411
-27.0785
-28.3177
-26.0383
-33.5294
-34.7996
-30.6087
-1.89113
-40.4736
-39.7851
-28.9315
-25.7649
-23.6594
-22.2318
-14.3246
-14.4005
-15.1811
-18.7874
-2.93519
-9.99653
-13.7558
-17.6383
-22.0086
-18.0552
-19.8327
-7.42209
8.76303
5.21119
3.71065
2.05427
11.3427
15.9161
5.33906
17.9325
11.902
13.3077
4.46512
16.0141
8.56455
13.1262
5.78674
11.9077
10.5172
4.09801
3.75143
-2.3515
-6.21394
-8.49368
-9.82586
-14.0571
-12.9867
-11.0975
-12.7685
-7.50349
-10.8708
-12.3499
-21.6605
-10.3749
-30.9614
-26.7038
-40.6023
-15.1035
-17.5455
-19.3537
-26.0605
-35.8669
-31.4938
-27.1956
-34.4391
-12.9776
-12.381
-24.3586
-20.2581
-22.4404
-25.4469
-24.9646
-17.3095
-25.1199
-18.3737
-21.9815
-25.3834
-34.8292
-33.8169
-34.6947
-30.3881
-20.2501
-23.9986
-32.4545
-29.7081
-33.0492
-30.2705
-34.4452
-26.585
-27.7676
-30.3629
-29.7849
-27.625
-29.0598
-23.4444
-22.1763
-21.6609
-36.4814
-35.9257
-19.6041
-29.2425
-32.8053
-35.1951
-13.2223
-24.6611
-21.8545
-32.1601
-44.7522
-28.5663
-31.3777
-16.9169
-14.5035
-21.147
-15.9917
-7.71745
-20.3277
-10.3737
-12.193
-23.5488
-15.012
-11.7219
-2.90292
2.59259
1.91471
-2.09224
11.9411
9.25255
7.49641
11.9374
10.5331
6.30071
15.951
9.83661
2.61802
8.60903
15.6061
4.91807
12.5527
0.614221
10.0136
4.08428
-3.93058
-7.57207
-8.76669
-3.3602
-15.2145
-12.5507
-15.9958
-12.557
-9.83299
-20.6131
-12.7434
-16.7661
-18.8239
-15.2141
-31.4852
-26.6579
-13.2704
-26.106
-35.9
-0.185204
-24.3897
-47.803
-28.2776
-29.5784
-30.7083
-31.6263
-25.0311
-28.5649
-32.0632
-21.2215
-22.2909
-25.0318
-11.1933
-18.8998
-22.8228
-29.2298
-26.2069
-28.8351
-36.4919
-41.3485
-39.2668
-39.7092
-38.8357
-28.1392
-26.3274
-23.8383
-21.6255
-36.5125
-28.7921
-26.3432
-25.7457
-22.1655
-29.2397
-26.6362
-19.8778
-27.7223
-30.248
-30.1228
-30.9375
-21.6782
-22.9515
-41.5265
-36.8779
-12.8644
-23.2174
-36.9898
-28.0764
-37.0965
-39.4885
-24.8568
-20.4875
-17.6359
-21.693
-14.3887
-8.57781
-6.10832
-6.83988
-19.2802
-15.92
-16.7828
-20.0931
-16.1527
-0.838829
-2.86987
3.1504
2.42257
8.13214
7.29508
10.6016
4.94416
11.631
3.64334
13.4475
5.53473
9.34345
17.9578
7.0996
9.1637
5.7242
-1.02201
2.98821
3.83185
-5.34883
-5.40931
-21.7534
-31.3044
-10.6021
-15.0041
-14.6152
-8.60743
-17.7805
-20.4711
-14.8942
-5.43236
-21.8718
-12.0407
-17.1637
-29.0915
-41.0595
-28.9031
-19.2663
-42.2023
-14.7655
-35.2474
-41.3768
-34.1703
-23.4308
-37.1721
-25.531
-38.3204
-15.7235
-32.9763
-23.2865
-23.2588
-28.7759
-31.3537
-26.1645
-16.0988
-20.9457
-40.0896
-8.07985
-36.7511
-30.5567
-32.3724
-33.3672
-16.6051
-28.5288
-23.6384
-32.274
-27.5023
-16.7652
-34.3717
-32.7703
-18.9645
-34.1693
-28.0021
-33.8822
-32.5586
-24.3108
-29.5664
-33.7976
-19.4826
-26.1535
-41.4336
-28.1475
-29.0403
-21.2177
-29.7833
-25.8497
-23.1499
-19.1622
-23.5333
-18.2504
-4.10918
-19.7632
-12.2811
-16.1331
-10.1139
-11.0049
-6.60504
-25.5701
-12.0287
-4.65139
-2.91259
3.12252
0.0973942
2.69924
5.60853
7.86882
6.52025
9.88026
13.3702
14.7123
0.807757
16.2878
14.0298
9.84422
7.42153
13.7543
-2.98258
-2.38665
4.42015
-4.94364
3.67384
-7.7155
-16.9126
-15.1548
-12.8288
-17.2661
-14.0126
-11.9894
-12.4385
-8.50531
-5.43508
-15.0503
-21.4562
-26.246
-21.7527
-26.4841
-37.154
-38.5668
-45.1428
-25.4967
-45.2817
-31.4737
-41.725
-31.3952
-19.4366
-24.3751
-12.5205
-25.497
-14.0205
-34.4618
-24.1456
-25.5809
-17.509
-17.4863
-31.3061
-27.8537
-30.0991
-40.7135
-32.9297
-35.1005
-35.8536
